1.000000000000000000e+03 5.833062766519634351e+03 8.242820825478736069e-01
9.250000000000000000e+02 4.469446144079168334e+03 8.834278569506436307e-01
8.500000000000000000e+02 3.061036198101930040e+03 1.108740212635916711e+00
7.000000000000000000e+02 1.098473472712999637e+03 8.865027472330394565e-01
6.000000000000000000e+02 5.416325323354298007e+02 5.574868373110638542e-01
5.000000000000000000e+02 2.740892725935412955e+02 3.070124899885168235e-01
4.000000000000000000e+02 1.125012733270411189e+02 1.350001251650825018e-01
3.000000000000000000e+02 3.772108392374418173e+01 3.831835418777077007e-02
2.500000000000000000e+02 1.929228061186310228e+01 1.503108432404990508e-02
2.000000000000000000e+02 8.066065652690859622e+00 3.797460586695897925e-03
1.500000000000000000e+02 3.257153208951717449e+00 6.411576926782586649e-04
1.000000000000000000e+02 2.157603568421318396e+00 1.690617178681805353e-04
