1.000000000000000000e+03 8.901558764541541677e+03 8.385084944827069231e-01
9.250000000000000000e+02 7.451254739623511341e+03 1.197050685660438374e+00
8.500000000000000000e+02 6.049298298687877832e+03 1.351187755982748095e+00
7.000000000000000000e+02 3.526199828815555065e+03 1.244059345619415557e+00
6.000000000000000000e+02 2.233097033750238552e+03 9.844825214620380738e-01
5.000000000000000000e+02 1.199938671089862055e+03 6.387574603915603388e-01
4.000000000000000000e+02 5.027498774375000039e+02 3.162152576508121538e-01
3.000000000000000000e+02 1.454805710156252019e+02 9.233731011419460399e-02
2.500000000000000000e+02 5.760241983468399951e+01 3.242046071343437225e-02
2.000000000000000000e+02 1.687690770419915509e+01 7.077433690935250148e-03
1.500000000000000000e+02 4.712123307866965760e+00 1.136111801336486512e-03
1.000000000000000000e+02 2.482442109380849971e+00 1.781416464827685370e-04
