1.000000000000000000e+03 8.186923846238617443e+03 8.878644192825965176e-01
9.250000000000000000e+02 6.627204439917501077e+03 1.117994956498547410e+00
8.500000000000000000e+02 5.076409764732618896e+03 1.331661710884315175e+00
7.000000000000000000e+02 2.593506529083072564e+03 1.173326446437733095e+00
6.000000000000000000e+02 1.532045380485959868e+03 8.693838153838706617e-01
5.000000000000000000e+02 8.069394841547252781e+02 5.493875077145277119e-01
4.000000000000000000e+02 3.379309990318425321e+02 2.679279684985700349e-01
3.000000000000000000e+02 1.031993654234970563e+02 7.595240805101724502e-02
2.500000000000000000e+02 4.440689512842288167e+01 2.676316721733824205e-02
2.000000000000000000e+02 1.443254220288352130e+01 5.634376487787386839e-03
1.500000000000000000e+02 4.287986887270939462e+00 8.198702734960436247e-04
1.000000000000000000e+02 2.357771726410677005e+00 1.456456814489845810e-04
