1.000000000000000000e+03 8.428537988387848600e+03 8.053427316907004752e-01
9.250000000000000000e+02 6.909442981821764079e+03 1.019475896496910394e+00
8.500000000000000000e+02 5.353074446384856856e+03 1.238760930209185540e+00
7.000000000000000000e+02 2.779702601011450497e+03 1.125408926010113886e+00
6.000000000000000000e+02 1.637461162203731419e+03 8.402087701545383203e-01
5.000000000000000000e+02 8.637605873538476544e+02 5.289833954676093075e-01
4.000000000000000000e+02 3.621179385988911577e+02 2.614672010988717821e-01
3.000000000000000000e+02 1.084919865997421340e+02 7.619220519322261742e-02
2.500000000000000000e+02 4.576427367965381166e+01 2.687666940311349631e-02
2.000000000000000000e+02 1.464472813406119123e+01 5.869170963730399246e-03
1.500000000000000000e+02 4.363437813780720376e+00 9.168963608460656452e-04
1.000000000000000000e+02 2.377449616531172261e+00 1.699588692701009703e-04
