1.000000000000000000e+03 7.610848251347547375e+03 9.113939990445170114e-01
9.250000000000000000e+02 6.350292687895846029e+03 1.091810576538793098e+00
8.500000000000000000e+02 4.713174367427234756e+03 1.417780944662462295e+00
7.000000000000000000e+02 2.231946058945386994e+03 1.242151429121034045e+00
6.000000000000000000e+02 1.293844633138507334e+03 9.093922640846328065e-01
5.000000000000000000e+02 7.185788638145794494e+02 5.815182527392680489e-01
4.000000000000000000e+02 3.321998904129628158e+02 2.901879609401048499e-01
3.000000000000000000e+02 1.010564553480304966e+02 8.146905672841252277e-02
2.500000000000000000e+02 4.059199402067979179e+01 2.767834065568023846e-02
2.000000000000000000e+02 1.214740447475888097e+01 5.718417059754554548e-03
1.500000000000000000e+02 3.507547065558351385e+00 7.415288464591522069e-04
1.000000000000000000e+02 2.238330957895183104e+00 1.137547696803697814e-04
