1.000000000000000000e+03 4.597044035032809006e+03 8.912778818102974343e-01
9.250000000000000000e+02 3.541850890087410789e+03 9.614291818184022009e-01
8.500000000000000000e+02 2.539558569963976424e+03 1.156564487773854122e+00
7.000000000000000000e+02 1.126193751512494600e+03 9.260667019927355526e-01
6.000000000000000000e+02 6.587307472560531778e+02 6.301645577070014159e-01
5.000000000000000000e+02 3.553754599321512160e+02 3.714775825787998698e-01
4.000000000000000000e+02 1.542299965335369905e+02 1.673008863886178421e-01
3.000000000000000000e+02 4.994316338693469248e+01 4.516004024774475378e-02
2.500000000000000000e+02 2.303083062089451261e+01 1.679425911831688295e-02
2.000000000000000000e+02 8.280993695285220113e+00 3.961230476964026914e-03
1.500000000000000000e+02 3.161322478670378189e+00 5.783586748585405318e-04
1.000000000000000000e+02 2.283487601103918241e+00 1.306988429479602140e-04
