1.000000000000000000e+03 5.273288000349332649e-02 7.502800160896814542e-03
9.250000000000000000e+02 5.608783729078643809e-02 8.812867313489082186e-03
8.500000000000000000e+02 6.043769761975886085e-02 1.025058991860778278e-02
7.000000000000000000e+02 6.983575211893465473e-02 1.457424070871462911e-02
6.000000000000000000e+02 7.550276999362329211e-02 1.800545717088245304e-02
5.000000000000000000e+02 8.252776040641160438e-02 2.121316197111560234e-02
4.000000000000000000e+02 8.870855933668832238e-02 2.313834027250001590e-02
3.000000000000000000e+02 1.059302884809861373e-01 2.900246014998798805e-02
2.500000000000000000e+02 1.353281025683072958e-01 4.711441068780228975e-02
2.000000000000000000e+02 2.125228514717500128e-01 9.460198109826241375e-02
1.500000000000000000e+02 4.418862978032516708e-01 2.143374856138396123e-01
1.000000000000000000e+02 1.190927431023923733e+00 4.778305385258649340e-01
7.000000000000000000e+01 2.365514825553863165e+00 6.394857097079896802e-01
5.000000000000000000e+01 3.923567459071883867e+00 8.532939336225318083e-01
3.000000000000000000e+01 6.056493627239707855e+00 1.420117657703653169e+00
2.000000000000000000e+01 7.068967498879782596e+00 1.294067631923981221e+00
1.500000000000000000e+01 7.573238789185248621e+00 1.224409093531151349e+00
1.000000000000000000e+01 8.115850196631921420e+00 1.237980087727970968e+00
7.000000000000000000e+00 8.424757972504238523e+00 1.287922563256556296e+00
5.000000000000000000e+00 8.509314299586211661e+00 1.275423636586654697e+00
3.000000000000000000e+00 7.998204658770409203e+00 9.794909596952333652e-01
2.000000000000000000e+00 6.951035025315455584e+00 6.179906254998223103e-01
1.500000000000000000e+00 5.982621912225917882e+00 3.880864914778888175e-01
1.000000000000000000e+00 4.601346686381555529e+00 1.741584593883909460e-01
