1.000000000000000000e+03 2.670511473632029148e-02 9.386616995749530110e-04
9.250000000000000000e+02 3.048984394082072252e-02 1.748495645380978994e-03
8.500000000000000000e+02 3.491606971448419500e-02 2.715062050551686826e-03
7.000000000000000000e+02 4.491044075495353310e-02 5.305259853079721984e-03
6.000000000000000000e+02 5.342351360809571847e-02 7.693857804851998543e-03
5.000000000000000000e+02 6.685302207434737354e-02 1.084630063776358989e-02
4.000000000000000000e+02 8.809841664271207684e-02 1.658428647876552739e-02
3.000000000000000000e+02 1.380260205484515057e-01 3.538721155183147810e-02
2.500000000000000000e+02 1.878890498203918957e-01 4.882290930100101345e-02
2.000000000000000000e+02 2.645281429033929377e-01 5.861095883473474433e-02
1.500000000000000000e+02 4.086727567690840446e-01 7.258293373204928456e-02
1.000000000000000000e+02 9.229622245150562732e-01 1.280769146330079655e-01
7.000000000000000000e+01 1.881144265283083872e+00 2.140967157571107560e-01
5.000000000000000000e+01 3.295501644369674743e+00 3.004883825212644188e-01
3.000000000000000000e+01 5.912101176144744841e+00 3.929912642486999008e-01
2.000000000000000000e+01 7.920550552158742263e+00 4.656148536237752489e-01
1.500000000000000000e+01 9.126724482241247216e+00 5.556804295377506531e-01
1.000000000000000000e+01 1.021394292542393778e+01 6.343206639129312929e-01
7.000000000000000000e+00 1.039333573191488824e+01 6.337655492518293743e-01
5.000000000000000000e+00 9.849999479822628246e+00 5.698985444484213625e-01
3.000000000000000000e+00 8.019012282704300887e+00 3.803316176839248719e-01
2.000000000000000000e+00 6.286658925471191317e+00 2.294608126633834455e-01
1.500000000000000000e+00 5.149093509820992232e+00 1.503968626425517263e-01
1.000000000000000000e+00 3.824629626567034979e+00 8.089848820009137853e-02
