1.000000000000000000e+03 4.034549026426526019e-02 4.461782705747267125e-03
9.250000000000000000e+02 4.471937175468371217e-02 5.642232530480150755e-03
8.500000000000000000e+02 4.946367610717929131e-02 6.979686517685874773e-03
7.000000000000000000e+02 6.014883502696230511e-02 1.029462995247905875e-02
6.000000000000000000e+02 6.856093118031426903e-02 1.272537210869850895e-02
5.000000000000000000e+02 7.932924304114662151e-02 1.494440070298258191e-02
4.000000000000000000e+02 9.391372044289400534e-02 1.880611839112852207e-02
3.000000000000000000e+02 1.314040820647575381e-01 3.835998793427661258e-02
2.500000000000000000e+02 1.782234655496474640e-01 6.203805004387222266e-02
2.000000000000000000e+02 2.761080803581732468e-01 1.073029757711890103e-01
1.500000000000000000e+02 5.157014030694081486e-01 1.945144139441736253e-01
1.000000000000000000e+02 1.164459396304426742e+00 3.355254007113369075e-01
7.000000000000000000e+01 2.035978620791977889e+00 4.569551631462946406e-01
5.000000000000000000e+01 3.307191695141275201e+00 5.829336436258756304e-01
3.000000000000000000e+01 5.888310441146652252e+00 7.315105236870954597e-01
2.000000000000000000e+01 7.906556260063703157e+00 9.218771344931719902e-01
1.500000000000000000e+01 9.081335231412063891e+00 1.081625830315875669e+00
1.000000000000000000e+01 1.010965240040946433e+01 1.217483922066378899e+00
7.000000000000000000e+00 1.031297303427738576e+01 1.216112720802463798e+00
5.000000000000000000e+00 9.903717149883654258e+00 1.110234429337582096e+00
3.000000000000000000e+00 8.383018512847435488e+00 7.938503150059070812e-01
2.000000000000000000e+00 6.813361815751127537e+00 5.061457580659790567e-01
1.500000000000000000e+00 5.702900852677282195e+00 3.301905361855948517e-01
1.000000000000000000e+00 4.317010217551271900e+00 1.616603800302234550e-01
