1.000000000000000000e+03 5.075127970560768670e-02 2.461211152705507135e-03
9.250000000000000000e+02 5.924835784923889598e-02 4.397553763496980274e-03
8.500000000000000000e+02 6.798663787476101616e-02 6.376070687519334174e-03
7.000000000000000000e+02 8.883217242746956066e-02 1.145781391482923565e-02
6.000000000000000000e+02 1.062950792882458445e-01 1.587422790390799476e-02
5.000000000000000000e+02 1.246512735463363858e-01 2.055472923652209433e-02
4.000000000000000000e+02 1.378909119149999418e-01 2.362239002353156911e-02
3.000000000000000000e+02 1.512130639041091851e-01 3.491566503254572851e-02
2.500000000000000000e+02 1.820738448273127863e-01 6.051764544086787878e-02
2.000000000000000000e+02 2.809088882528191777e-01 1.070754624642689945e-01
1.500000000000000000e+02 5.255747038519722469e-01 1.360471724340269750e-01
1.000000000000000000e+02 1.106084690777771717e+00 1.686214371544709767e-01
7.000000000000000000e+01 2.037705232043267145e+00 2.560602081752640924e-01
5.000000000000000000e+01 3.442908396262225779e+00 3.334194340723630190e-01
3.000000000000000000e+01 5.886191949392426181e+00 3.675997210414762573e-01
2.000000000000000000e+01 7.842814896582147810e+00 4.820484636761361297e-01
1.500000000000000000e+01 9.094800116839930837e+00 6.036659867580110861e-01
1.000000000000000000e+01 1.034119681712122052e+01 7.348004982109254124e-01
7.000000000000000000e+00 1.066784506093528506e+01 7.730179509111474445e-01
5.000000000000000000e+00 1.020713581811767590e+01 7.175761281031677319e-01
3.000000000000000000e+00 8.380627993815542354e+00 4.824818652914872330e-01
2.000000000000000000e+00 6.591368406629054100e+00 2.817869975593207954e-01
1.500000000000000000e+00 5.404483631405782695e+00 1.725750038249214968e-01
1.000000000000000000e+00 4.029053005300244905e+00 7.772866592390693941e-02
