1.000000000000000000e+03 5.283325959720563264e-02 6.607712793515107749e-03
9.250000000000000000e+02 5.735873064665882037e-02 8.234624822479214359e-03
8.500000000000000000e+02 6.255111581061800763e-02 1.002433218691028798e-02
7.000000000000000000e+02 7.517388214412575043e-02 1.429750965459840317e-02
6.000000000000000000e+02 8.452254175627101074e-02 1.716274494587770663e-02
5.000000000000000000e+02 9.342783581004693305e-02 1.922285074359749574e-02
4.000000000000000000e+02 1.043540429645326839e-01 2.248867833668666966e-02
3.000000000000000000e+02 1.397515521477370459e-01 4.521287667814762740e-02
2.500000000000000000e+02 1.957350201057861117e-01 7.911327588200409155e-02
2.000000000000000000e+02 3.393071863228568352e-01 1.499366452025312768e-01
1.500000000000000000e+02 7.335258255399670357e-01 2.831810810933189093e-01
1.000000000000000000e+02 1.666524368546286272e+00 4.883228132155778556e-01
7.000000000000000000e+01 2.600206595781118679e+00 6.522523211688542322e-01
5.000000000000000000e+01 3.756043399376162828e+00 8.196710647982143882e-01
3.000000000000000000e+01 5.855315936411669142e+00 1.018242834692000942e+00
2.000000000000000000e+01 7.289273027428533780e+00 1.297175440687725834e+00
1.500000000000000000e+01 8.104177723885136686e+00 1.512056312714839867e+00
1.000000000000000000e+01 8.913732540593736431e+00 1.686298171484059027e+00
7.000000000000000000e+00 9.253103675310221377e+00 1.680307101669458625e+00
5.000000000000000000e+00 9.191470220519370571e+00 1.539039275086772962e+00
3.000000000000000000e+00 8.325895517036459026e+00 1.115135930242989959e+00
2.000000000000000000e+00 7.125772734199572689e+00 7.175235512044658703e-01
1.500000000000000000e+00 6.142427285728771835e+00 4.684636897386285637e-01
1.000000000000000000e+00 4.777200136568606759e+00 2.270067392346111212e-01
