1.000000000000000000e+03 5.030755152415217896e-02 5.284892074781618633e-03
9.250000000000000000e+02 5.597854882006016164e-02 6.601141285524507289e-03
8.500000000000000000e+02 6.233250729127777501e-02 8.105523749883802517e-03
7.000000000000000000e+02 7.690986114392875383e-02 1.246509546817714705e-02
6.000000000000000000e+02 8.786414862512423318e-02 1.614183596908799409e-02
5.000000000000000000e+02 1.000709149395111325e-01 1.984804791500834747e-02
4.000000000000000000e+02 1.091769875362599701e-01 2.216142779352458375e-02
3.000000000000000000e+02 1.225348998008338325e-01 3.025233407998653007e-02
2.500000000000000000e+02 1.491535608320152806e-01 5.106149967079950946e-02
2.000000000000000000e+02 2.275738561314582520e-01 9.513484245608996859e-02
1.500000000000000000e+02 4.398188050734936905e-01 1.692378497477265986e-01
1.000000000000000000e+02 1.042339760926511039e+00 3.377055335600669950e-01
7.000000000000000000e+01 2.027382584206242733e+00 4.595112857682777108e-01
5.000000000000000000e+01 3.496497985465573777e+00 6.115355724980165997e-01
3.000000000000000000e+01 5.982557665641800249e+00 9.795078715661709179e-01
2.000000000000000000e+01 7.729032631911507245e+00 9.283442381542115207e-01
1.500000000000000000e+01 8.744902580713674212e+00 9.271792742334351578e-01
1.000000000000000000e+01 9.695847798925017358e+00 9.884749636345830925e-01
7.000000000000000000e+00 9.958771241547582420e+00 1.031597825990368422e+00
5.000000000000000000e+00 9.677340376559039115e+00 1.000693910529613762e+00
3.000000000000000000e+00 8.361109319315660926e+00 7.420730757266512656e-01
2.000000000000000000e+00 6.862405107487367317e+00 4.601585094584120239e-01
1.500000000000000000e+00 5.750829491136962623e+00 2.871536747115503996e-01
1.000000000000000000e+00 4.347027670412422218e+00 1.285006024021952686e-01
