3.649222927752635126e+00 1.471798021762840730e-28 9.742008530607300149e-27
3.685949928163991363e+00 1.497374634562655002e-28 9.669909961576315661e-27
3.723046561394698806e+00 1.721546160412111927e-28 9.638839774725136634e-27
3.760516547553109046e+00 1.861520472846683621e-28 9.699236146616680825e-27
3.798363644187992882e+00 1.966467575226443417e-28 9.812972309593141776e-27
3.836591646665353128e+00 2.164256289251366278e-28 9.882788995237671854e-27
3.875204388549021495e+00 2.057510543861733301e-28 9.837359384277508548e-27
3.914205741985100406e+00 2.267567644433921492e-28 9.703206580253675971e-27
3.953599618090267942e+00 2.591714266002441253e-28 9.572652697851431187e-27
3.993389967343984548e+00 2.772675010868669738e-28 9.514247280933608926e-27
4.033580779984657028e+00 2.767457795387342412e-28 9.521977101951814453e-27
4.074176086409786457e+00 2.792845287175091451e-28 9.523706875347946422e-27
4.115179957580148873e+00 2.790415982780574197e-28 9.438104326761100167e-27
4.156596505428027832e+00 2.567362853085969233e-28 9.246533078639312274e-27
4.198429883269572116e+00 6.455162630700785577e-29 9.007195755370415739e-27
4.240684286221285682e+00 7.475504680988087949e-29 8.797228488287000381e-27
4.283363951620734689e+00 8.896180354387846490e-29 8.654145099495184607e-27
4.326473159451468931e+00 6.494563144184640780e-29 8.559898806160852652e-27
4.370016232772217180e+00 4.613540148077726193e-29 8.459783403228365031e-27
4.413997538150425726e+00 4.387319443999083298e-29 8.302768615820251606e-27
4.458421486100134778e+00 8.641224456615032319e-29 8.080222811099817616e-27
4.503292531524275333e+00 2.136043609833552246e-28 7.828935330741067810e-27
4.548615174161405150e+00 3.341651459984469278e-28 7.597951319464526497e-27
4.594393959036958464e+00 6.339254755368507337e-28 7.415508893123492625e-27
4.640633476919030720e+00 7.850089101185667969e-28 7.278043643093378104e-27
4.687338364778735667e+00 7.931986214029953447e-28 7.157845976724872012e-27
4.734513306255223597e+00 7.723845171455291070e-28 7.021350468489401417e-27
4.782163032125352764e+00 7.998490924124161441e-28 6.849956318516939214e-27
4.830292320778103665e+00 7.234315824261307477e-28 6.650351960435500481e-27
4.878905998693757518e+00 9.308372532280603215e-28 6.446656115346563724e-27
4.928008940927913528e+00 1.135908235474912169e-27 6.262939491347883135e-27
4.977606071600358284e+00 1.109752759883509230e-27 6.110516333170561641e-27
5.027702364388864531e+00 1.081055671683521598e-27 5.986052943062490650e-27
5.078302843027969082e+00 1.192456000696339387e-27 5.872170778256857885e-27
5.129412581812751171e+00 1.020387922092152257e-27 5.752027114366153806e-27
5.181036706107693846e+00 1.148113009176052228e-27 5.614685881959723279e-27
5.233180392860659502e+00 9.269790050497281812e-28 5.460951279090603458e-27
5.285848871122047932e+00 1.079955830516238987e-27 5.301269483615223168e-27
5.339047422569167978e+00 1.096340918596047184e-27 5.148547048052269208e-27
5.392781382035902737e+00 1.192829402442714422e-27 5.011614140175330726e-27
5.447056138047687845e+00 8.512294202156078987e-28 4.892135970675482871e-27
5.501877133361872119e+00 1.133240808300226031e-27 4.785356663524955406e-27
5.557249865513552933e+00 8.483119615265605548e-28 4.682874942579417484e-27
5.613179887366842813e+00 9.489741147478315031e-28 4.576820798386153417e-27
5.669672807671741310e+00 8.702366557366320478e-28 4.463033203949104522e-27
5.726734291626588202e+00 7.511429291650423430e-28 4.342495857810939651e-27
5.784370061446169053e+00 9.460943853338580451e-28 4.220087670014578130e-27
5.842585896935560186e+00 7.736090386180063265e-28 4.101768409400666108e-27
5.901387636069728160e+00 7.623228320176189237e-28 3.992111165163631382e-27
5.960781175578969027e+00 8.061523259222505072e-28 3.892811093687954003e-27
6.020772471540247750e+00 1.026781617750489573e-27 3.802698817337967596e-27
6.081367539974480430e+00 9.651502154243744909e-28 3.718618529861271363e-27
6.142572457449831269e+00 1.175083621448838789e-27 3.636924714904110604e-27
6.204393361691069586e+00 1.491008279612898185e-27 3.554754736524204507e-27
6.266836452195098772e+00 1.963444563626542130e-27 3.470990607701803314e-27
6.329907990852620792e+00 1.826664583419103800e-27 3.386334373105226338e-27
6.393614302576105857e+00 1.252049570563209550e-27 3.302851040433335693e-27
6.457961775934053961e+00 1.419216355220632702e-27 3.223046640793564788e-27
6.522956863791657511e+00 1.449935952522465408e-27 3.148803133835595523e-27
6.588606083957897042e+00 1.547133013867527505e-27 3.081078680123592000e-27
6.654916019839175689e+00 1.612596242937867906e-27 3.019714231243205012e-27
6.721893321099498664e+00 2.433750173209295274e-27 2.963742487078252014e-27
6.789544704327308722e+00 2.569936954261426470e-27 2.911585659671150029e-27
6.857876953709047818e+00 2.470523098814320226e-27 2.861818214261542859e-27
6.926896921709476018e+00 3.712194913520846707e-27 2.813516836241547145e-27
6.996611529758846260e+00 3.583658591843829909e-27 2.766086580469030049e-27
7.067027768947006017e+00 4.229213231789626297e-27 2.719939513285156057e-27
7.138152700724472943e+00 4.096906371297436079e-27 2.675685547314984901e-27
7.209993457610560874e+00 5.435325285847270664e-27 2.634412054710743572e-27
7.282557243908652111e+00 5.282194887679304947e-27 2.596725366033233013e-27
7.355851336428639975e+00 5.727886817372910047e-27 2.563325460075241392e-27
7.429883085216668626e+00 6.222184309340716992e-27 2.534327990385964093e-27
7.504659914292203027e+00 7.216794235444982280e-27 2.509552583978984814e-27
7.580189322392528517e+00 7.333549562647121766e-27 2.488393936354801474e-27
7.656478883724727069e+00 5.933714619359106930e-27 2.470158563611268821e-27
7.733536248725243034e+00 7.312049271558270079e-27 2.454549443071456202e-27
7.811369144827072120e+00 8.772248577020135590e-27 2.440858197859387611e-27
7.889985377234665975e+00 8.059910324445123821e-27 2.428633295915828390e-27
7.969392829706678505e+00 1.129936106265905893e-26 2.418341821642787413e-27
8.049599465346544136e+00 1.298218362881298120e-26 2.409747289862926863e-27
8.130613327401031043e+00 1.528448652117756203e-26 2.403372352724312536e-27
8.212442540066838603e+00 1.546360623705566544e-26 2.399402414665337120e-27
8.295095309305308362e+00 1.732384298375034059e-26 2.398508020660258482e-27
8.378579923665309792e+00 1.756231463752501305e-26 2.400688148389423489e-27
8.462904755114436739e+00 1.790508350198247561e-26 2.406195294302540154e-27
8.548078259878579388e+00 1.801275069096581181e-26 2.414962441075328816e-27
8.634108979289907282e+00 1.956189642424518325e-26 2.426944673074125987e-27
8.721005540643410825e+00 1.992195385535287718e-26 2.441660959588190986e-27
8.808776658062068776e+00 2.024496605486437344e-26 2.458883516501893154e-27
8.897431133370709233e+00 2.120675435218592400e-26 2.478356737288062286e-27
8.986977856978677792e+00 2.193047194687204049e-26 2.499764429266668273e-27
9.077425808771357296e+00 2.225112135065883282e-26 2.522942982772422961e-27
9.168784059010707921e+00 2.311709986696160681e-26 2.547928136132106054e-27
9.261061769244845365e+00 2.348209659335007268e-26 2.574715295371520189e-27
9.354268193226760175e+00 2.229641542213850167e-26 2.603394751161388454e-27
9.448412677842322083e+00 1.482618200942648610e-26 2.633847284122320462e-27
9.543504664047580022e+00 1.692675514250075008e-26 2.667500716470822680e-27
9.639553687815530125e+00 1.566932287657403146e-26 2.703631667930797479e-27
9.736569381092376574e+00 1.758294146463174366e-26 2.742907312859866429e-27
9.834561472763468259e+00 1.981365836205354730e-26 2.785239460601680988e-27
9.933539789628898831e+00 2.392504584699127546e-26 2.830780238631727651e-27
1.003351425738896729e+01 2.759192416271012678e-26 2.879326807284330937e-27
1.013449490163955069e+01 2.970079419947175844e-26 2.930697839723705178e-27
1.023649184887746877e+01 3.037879201391425171e-26 2.984749398475146279e-27
1.033951532751600055e+01 3.131534526235457691e-26 3.041415965619123178e-27
1.044357566891059541e+01 3.199806028191023757e-26 3.100480249873826366e-27
1.054868330839490831e+01 3.231806015764736623e-26 3.161779106815430233e-27
1.065484878632729249e+01 3.322910893777218977e-26 3.225266817952842420e-27
1.076208274914780105e+01 3.355126181954821311e-26 3.290821162594689995e-27
1.087039595044581120e+01 3.398566574156074779e-26 3.358514012426468815e-27
1.097979925203842733e+01 3.447975698718375514e-26 3.428437807807647395e-27
1.109030362505972001e+01 3.546003283426128772e-26 3.500775854975769645e-27
1.120192015106091610e+01 3.575658895175024807e-26 3.575658895175024664e-27
1.131466002312166985e+01 3.597813852549062711e-26 3.653550157308388154e-27
1.142853454697254456e+01 3.659406232229047217e-26 3.734322633466066921e-27
1.154355514212876521e+01 3.737945028492455666e-26 3.818382313951804024e-27
1.165973334303537889e+01 3.771305461270282294e-26 3.905885426660861255e-27
1.177708080022393311e+01 3.749620574900777293e-26 3.996975860179266468e-27
1.189560928148084074e+01 3.867724208663797389e-26 4.091860281028972467e-27
1.201533067302744051e+01 3.957897408572966309e-26 4.190482972582931207e-27
1.213625698071197334e+01 3.961426058480091857e-26 4.292799255353407467e-27
1.225840033121355965e+01 3.987024049785811358e-26 4.398809796175648755e-27
1.238177297325828619e+01 3.998994303096658890e-26 4.508399555250226973e-27
1.250638727884750523e+01 3.834400562584219735e-26 4.621366106538426546e-27
1.263225574449854705e+01 3.970937389180985768e-26 4.737838492897147771e-27
1.275939099249784547e+01 4.077660347327853804e-26 4.857529685288560389e-27
1.288780577216676448e+01 4.057224971242805881e-26 4.980306468160092653e-27
1.301751296114010437e+01 4.088822563759373084e-26 5.106216193832665103e-27
1.314852556665747763e+01 3.995917115400443037e-26 5.235176361498142537e-27
1.328085672686771979e+01 3.615711760837438921e-26 5.367171562001640631e-27
1.341451971214639904e+01 3.309746565100478930e-26 5.502498972128678671e-27
1.354952792642657577e+01 2.884952565298576845e-26 5.641238194284296511e-27
1.368589490854296464e+01 2.932688189210005563e-26 5.783886949667486701e-27
1.382363433358965210e+01 2.912470388826227233e-26 5.930443953264546922e-27
1.396276001429144920e+01 2.573395521913780057e-26 6.081077613992227072e-27
1.410328590238903956e+01 2.363221083266575037e-26 6.236287106088302733e-27
1.424522609003810736e+01 2.066206143237940026e-26 6.396264858838883086e-27
1.438859481122250550e+01 2.007011536320867211e-26 6.561429644783057244e-27
1.453340644318165609e+01 2.074998211202469088e-26 6.731978624729595386e-27
1.467967550785232866e+01 2.185829624759726768e-26 6.908087068049186055e-27
1.482741667332491708e+01 2.249948318706523134e-26 7.089887385323076489e-27
1.497664475531439621e+01 2.611001667099042261e-26 7.277647632655541888e-27
1.512737471864604011e+01 2.312496618925907293e-26 7.471045997784628923e-27
1.527962167875614341e+01 2.269562850526046167e-26 7.670494272696953588e-27
