3.649222927752635126e+00 7.003585118993814202e-29 7.756350310212841930e-27
3.685949928163991363e+00 7.502904185894090381e-29 7.698947204455220396e-27
3.723046561394698806e+00 8.510204666802855216e-29 7.674209584941958351e-27
3.760516547553109046e+00 9.454122085909196129e-29 7.722295578864273756e-27
3.798363644187992882e+00 1.023324546044990434e-28 7.812849453746443064e-27
3.836591646665353128e+00 1.121366359116131230e-28 7.868435535132495262e-27
3.875204388549021495e+00 1.091699965619474172e-28 7.832265717774343343e-27
3.914205741985100406e+00 1.218487768384559083e-28 7.725456274370629313e-27
3.953599618090267942e+00 1.408415773003499163e-28 7.621512075874694693e-27
3.993389967343984548e+00 1.529647974226492410e-28 7.575010896603659043e-27
4.033580779984657028e+00 1.553783491241638800e-28 7.581165193221549058e-27
4.074176086409786457e+00 1.585102830160372328e-28 7.582542336204610608e-27
4.115179957580148873e+00 1.593045163452841195e-28 7.514387619329555107e-27
4.156596505428027832e+00 1.472515504024263288e-28 7.361863446443947881e-27
4.198429883269572116e+00 3.569324864323516344e-29 7.171310968422630038e-27
4.240684286221285682e+00 3.540443512295410122e-29 7.004139807026679312e-27
4.283363951620734689e+00 4.292918301016464006e-29 6.890220063662946380e-27
4.326473159451468931e+00 3.114639486325368028e-29 6.815183755763608173e-27
4.370016232772217180e+00 2.324488438646878974e-29 6.735474581908070340e-27
4.413997538150425726e+00 2.282420909216084412e-29 6.610463241179497702e-27
4.458421486100134778e+00 5.175904112450316401e-29 6.433277230287533741e-27
4.503292531524275333e+00 1.301367215651411455e-28 6.233206718209008446e-27
4.548615174161405150e+00 2.081956672662470892e-28 6.049301490166610559e-27
4.594393959036958464e+00 4.039712986365296025e-28 5.904041926405525075e-27
4.640633476919030720e+00 5.082945142375255781e-28 5.794593771691163486e-27
4.687338364778735667e+00 5.164884252266435536e-28 5.698895091047001630e-27
4.734513306255223597e+00 5.031319639179317857e-28 5.590220720966562721e-27
4.782163032125352764e+00 5.343124686191411387e-28 5.453760807170166041e-27
4.830292320778103665e+00 4.931327535609481721e-28 5.294841719968078102e-27
4.878905998693757518e+00 6.331388652146685931e-28 5.132661559410600777e-27
4.928008940927913528e+00 7.851940552747769153e-28 4.986388798181366079e-27
4.977606071600358284e+00 7.996876463856364998e-28 4.865034404065552795e-27
5.027702364388864531e+00 8.072470577638793947e-28 4.765940764871761284e-27
5.078302843027969082e+00 8.866085156724306251e-28 4.675269126443279764e-27
5.129412581812751171e+00 8.159908906824099372e-28 4.579617282582946495e-27
5.181036706107693846e+00 9.008854598262438444e-28 4.470267710445673713e-27
5.233180392860659502e+00 7.962423895550105716e-28 4.347872376438133693e-27
5.285848871122047932e+00 9.187310841773354818e-28 4.220736298205998078e-27
5.339047422569167978e+00 9.297335596258512912e-28 4.099142074451317999e-27
5.392781382035902737e+00 1.042162193431242334e-27 3.990119950660626261e-27
5.447056138047687845e+00 7.968858728151094996e-28 3.894998240937927594e-27
5.501877133361872119e+00 1.027726497901260158e-27 3.809980910704525595e-27
5.557249865513552933e+00 8.003847138106100049e-28 3.728389856126792112e-27
5.613179887366842813e+00 9.046076607554670219e-28 3.643952227708215736e-27
5.669672807671741310e+00 8.331077948353694169e-28 3.553357586266991894e-27
5.726734291626588202e+00 7.143776645798089298e-28 3.457388654307490984e-27
5.784370061446169053e+00 9.010033028201973001e-28 3.359929803440917261e-27
5.842585896935560186e+00 7.218571888061028673e-28 3.265726525114790468e-27
5.901387636069728160e+00 7.051934817672088816e-28 3.178419785437996237e-27
5.960781175578969027e+00 7.438639690155869994e-28 3.099359176464943541e-27
6.020772471540247750e+00 9.630587890958989253e-28 3.027613839753142676e-27
6.081367539974480430e+00 8.933444691675793726e-28 2.960670691541094376e-27
6.142572457449831269e+00 1.097631484494593405e-27 2.895627705819047533e-27
6.204393361691069586e+00 1.393868733042018276e-27 2.830204882520687675e-27
6.266836452195098772e+00 1.828460270175856958e-27 2.763511864923995831e-27
6.329907990852620792e+00 1.694961745679446513e-27 2.696110698833209693e-27
6.393614302576105857e+00 1.121224111278204495e-27 2.629643249208706126e-27
6.457961775934053961e+00 1.298241508745314665e-27 2.566105364553424871e-27
6.522956863791657511e+00 1.319200540263013217e-27 2.506993867714667704e-27
6.588606083957897042e+00 1.419456249573048535e-27 2.453073377084310943e-27
6.654916019839175689e+00 1.474114643553599363e-27 2.404215793845126353e-27
6.721893321099498664e+00 2.299648335669035941e-27 2.359652596010537034e-27
6.789544704327308722e+00 2.428211980596377133e-27 2.318126061245879119e-27
6.857876953709047818e+00 2.321182514329191290e-27 2.278501888759507191e-27
6.926896921709476018e+00 3.474778534727925377e-27 2.240040245790252753e-27
6.996611529758846260e+00 3.401792760538123164e-27 2.202280575701965516e-27
7.067027768947006017e+00 3.927343036528015350e-27 2.165532144148220070e-27
7.138152700724472943e+00 3.842326670977934580e-27 2.130300909973781812e-27
7.209993457610560874e+00 4.985673160287612665e-27 2.097428034367249764e-27
7.282557243908652111e+00 4.841798278463006444e-27 2.067423186123040220e-27
7.355851336428639975e+00 5.020127238192683659e-27 2.040814418827202128e-27
7.429883085216668626e+00 5.253279435038703157e-27 2.017710952114853713e-27
7.504659914292203027e+00 5.957983702959635778e-27 1.997967026973691916e-27
7.580189322392528517e+00 6.345554838902295132e-27 1.981137496259082032e-27
7.656478883724727069e+00 4.608474248810379010e-27 1.966597473849285396e-27
7.733536248725243034e+00 5.650960259853639610e-27 1.954148372708900705e-27
7.811369144827072120e+00 6.721749705058699091e-27 1.943222787667720027e-27
7.889985377234665975e+00 6.427958767994627456e-27 1.933515819138967222e-27
7.969392829706678505e+00 8.750870983137519517e-27 1.925263739002043124e-27
8.049599465346544136e+00 1.006170908042636828e-26 1.918397311724770552e-27
8.130613327401031043e+00 1.168627335448994860e-26 1.913278831962107151e-27
8.212442540066838603e+00 1.203756275112006231e-26 1.910129202179738982e-27
8.295095309305308362e+00 1.313888781563238065e-26 1.909369455729777465e-27
8.378579923665309792e+00 1.339358091481106245e-26 1.911106788595878136e-27
8.462904755114436739e+00 1.365584410457999212e-26 1.915487031085350292e-27
8.548078259878579388e+00 1.397440448228155114e-26 1.922481241972694681e-27
8.634108979289907282e+00 1.474589422863948474e-26 1.931973414987211684e-27
8.721005540643410825e+00 1.518801612333138605e-26 1.943696460132129692e-27
8.808776658062068776e+00 1.557922485310181978e-26 1.957414204391513658e-27
8.897431133370709233e+00 1.617934298327291198e-26 1.972897489119146472e-27
8.986977856978677792e+00 1.676287997756843444e-26 1.989934999245041750e-27
9.077425808771357296e+00 1.714419164372883245e-26 2.008394990185324620e-27
9.168784059010707921e+00 1.773487826324324067e-26 2.028273181331696919e-27
9.261061769244845365e+00 1.807728875773325735e-26 2.049601702382638465e-27
9.354268193226760175e+00 1.734389710715675927e-26 2.072465266963715657e-27
9.448412677842322083e+00 1.104883910435642718e-26 2.096782766930313884e-27
9.543504664047580022e+00 1.264816283296550026e-26 2.123549642396939395e-27
9.639553687815530125e+00 1.154688567485410732e-26 2.152327704228599344e-27
9.736569381092376574e+00 1.326867811216659292e-26 2.183589443153318293e-27
9.834561472763468259e+00 1.522575237254925312e-26 2.217280314219652013e-27
9.933539789628898831e+00 1.870989206937186989e-26 2.253506345290009505e-27
1.003351425738896729e+01 2.166929355910492348e-26 2.292121835125949369e-27
1.013449490163955069e+01 2.328310547304741980e-26 2.332998624443897695e-27
1.023649184887746877e+01 2.390725707153363621e-26 2.376034159375780932e-27
1.033951532751600055e+01 2.459037549290013935e-26 2.421141104610394486e-27
1.044357566891059541e+01 2.517856679275691018e-26 2.468165848244278482e-27
1.054868330839490831e+01 2.551264734351938327e-26 2.516975569037293770e-27
1.065484878632729249e+01 2.618735122610489052e-26 2.567515081918582310e-27
1.076208274914780105e+01 2.652199670158582468e-26 2.619713068253989367e-27
1.087039595044581120e+01 2.694179363027764364e-26 2.673612336533652342e-27
1.097979925203842733e+01 2.744015157944564416e-26 2.729288812340634869e-27
1.109030362505972001e+01 2.813846519513363964e-26 2.786873392386589093e-27
1.120192015106091610e+01 2.846499711290148421e-26 2.846499711290148493e-27
1.131466002312166985e+01 2.882772653198205530e-26 2.908526368454565605e-27
1.142853454697254456e+01 2.935318154781043594e-26 2.972835796207853723e-27
1.154355514212876521e+01 2.996295113108584815e-26 3.039758503947403103e-27
1.165973334303537889e+01 3.037187053426161901e-26 3.109434457714278850e-27
1.177708080022393311e+01 3.043302866631577514e-26 3.181975558212570997e-27
1.189560928148084074e+01 3.125282160659387171e-26 3.257508340778125180e-27
1.201533067302744051e+01 3.190582450764695918e-26 3.336022754943664691e-27
1.213625698071197334e+01 3.215748042313719712e-26 3.417498376936014184e-27
1.225840033121355965e+01 3.245173179300945189e-26 3.501907302345115425e-27
1.238177297325828619e+01 3.270422094786810521e-26 3.589169814564121161e-27
1.250638727884750523e+01 3.215390134175516065e-26 3.679160945767484485e-27
1.263225574449854705e+01 3.277365449794255887e-26 3.771866022273018062e-27
1.275939099249784547e+01 3.366717283788810881e-26 3.867157922095069377e-27
1.288780577216676448e+01 3.375396066370489291e-26 3.964925344606847737e-27
1.301751296114010437e+01 3.391928041564854387e-26 4.065169248640519224e-27
1.314852556665747763e+01 3.316225031624479218e-26 4.167854604323855738e-27
1.328085672686771979e+01 3.063519599841173631e-26 4.272998814694746504e-27
1.341451971214639904e+01 2.799036430540478018e-26 4.380761877799121355e-27
1.354952792642657577e+01 2.426627424613025675e-26 4.491244992067691238e-27
1.368589490854296464e+01 2.476138266337435911e-26 4.604821419061441320e-27
1.382363433358965210e+01 2.402140555362333208e-26 4.721489062032537943e-27
1.396276001429144920e+01 2.152796985805225687e-26 4.841454864510335096e-27
1.410328590238903956e+01 1.964782388360667238e-26 4.965038796949281906e-27
1.424522609003810736e+01 1.669790475973438066e-26 5.092411750905868741e-27
1.438859481122250550e+01 1.561365392052806871e-26 5.223896580981234687e-27
1.453340644318165609e+01 1.579839379487547251e-26 5.359668463776900012e-27
1.467967550785232866e+01 1.637578429681149088e-26 5.499865810497897781e-27
1.482741667332491708e+01 1.682634059867374026e-26 5.644606694949316692e-27
1.497664475531439621e+01 1.990634191259375127e-26 5.794081557557113802e-27
1.512737471864604011e+01 1.745246681762344385e-26 5.948080498748827274e-27
1.527962167875614341e+01 1.722328884957716507e-26 6.106885048447031966e-27
