3.649222927752635126e+00 7.003585118993814202e-29 3.878175155106420965e-27
3.685949928163991363e+00 7.502904185894090381e-29 3.849473602227610198e-27
3.723046561394698806e+00 8.510204666802855216e-29 3.837104792470979175e-27
3.760516547553109046e+00 9.454122085909196129e-29 3.861147789432136878e-27
3.798363644187992882e+00 1.023324546044990434e-28 3.906424726873221532e-27
3.836591646665353128e+00 1.121366359116131230e-28 3.934217767566247631e-27
3.875204388549021495e+00 1.091699965619474172e-28 3.916132858887171672e-27
3.914205741985100406e+00 1.218487768384559083e-28 3.862728137185314656e-27
3.953599618090267942e+00 1.408415773003499163e-28 3.810756037937347346e-27
3.993389967343984548e+00 1.529647974226492410e-28 3.787505448301829522e-27
4.033580779984657028e+00 1.553783491241638800e-28 3.790582596610774529e-27
4.074176086409786457e+00 1.585102830160372328e-28 3.791271168102305304e-27
4.115179957580148873e+00 1.593045163452841195e-28 3.757193809664777554e-27
4.156596505428027832e+00 1.472515504024263288e-28 3.680931723221973941e-27
4.198429883269572116e+00 3.569324864323516344e-29 3.585655484211315019e-27
4.240684286221285682e+00 3.540443512295410122e-29 3.502069903513339656e-27
4.283363951620734689e+00 4.292918301016464006e-29 3.445110031831473190e-27
4.326473159451468931e+00 3.114639486325368028e-29 3.407591877881804086e-27
4.370016232772217180e+00 2.324488438646878974e-29 3.367737290954035170e-27
4.413997538150425726e+00 2.282420909216084412e-29 3.305231620589748851e-27
4.458421486100134778e+00 5.175904112450316401e-29 3.216638615143766870e-27
4.503292531524275333e+00 1.301367215651411455e-28 3.116603359104504223e-27
4.548615174161405150e+00 2.081956672662470892e-28 3.024650745083305279e-27
4.594393959036958464e+00 4.039712986365296025e-28 2.952020963202762538e-27
4.640633476919030720e+00 5.082945142375255781e-28 2.897296885845581743e-27
4.687338364778735667e+00 5.164884252266435536e-28 2.849447545523500815e-27
4.734513306255223597e+00 5.031319639179317857e-28 2.795110360483281361e-27
4.782163032125352764e+00 5.343124686191411387e-28 2.726880403585083020e-27
4.830292320778103665e+00 4.931327535609481721e-28 2.647420859984039051e-27
4.878905998693757518e+00 6.331388652146685931e-28 2.566330779705300389e-27
4.928008940927913528e+00 7.851940552747769153e-28 2.493194399090683039e-27
4.977606071600358284e+00 7.996876463856364998e-28 2.432517202032776397e-27
5.027702364388864531e+00 8.072470577638793947e-28 2.382970382435880642e-27
5.078302843027969082e+00 8.866085156724306251e-28 2.337634563221639882e-27
5.129412581812751171e+00 8.159908906824099372e-28 2.289808641291473248e-27
5.181036706107693846e+00 9.008854598262438444e-28 2.235133855222836857e-27
5.233180392860659502e+00 7.962423895550105716e-28 2.173936188219066847e-27
5.285848871122047932e+00 9.187310841773354818e-28 2.110368149102999039e-27
5.339047422569167978e+00 9.297335596258512912e-28 2.049571037225659000e-27
5.392781382035902737e+00 1.042162193431242334e-27 1.995059975330313130e-27
5.447056138047687845e+00 7.968858728151094996e-28 1.947499120468963797e-27
5.501877133361872119e+00 1.027726497901260158e-27 1.904990455352262798e-27
5.557249865513552933e+00 8.003847138106100049e-28 1.864194928063396056e-27
5.613179887366842813e+00 9.046076607554670219e-28 1.821976113854107868e-27
5.669672807671741310e+00 8.331077948353694169e-28 1.776678793133495947e-27
5.726734291626588202e+00 7.143776645798089298e-28 1.728694327153745492e-27
5.784370061446169053e+00 9.010033028201973001e-28 1.679964901720458631e-27
5.842585896935560186e+00 7.218571888061028673e-28 1.632863262557395234e-27
5.901387636069728160e+00 7.051934817672088816e-28 1.589209892718998118e-27
5.960781175578969027e+00 7.438639690155869994e-28 1.549679588232471771e-27
6.020772471540247750e+00 9.630587890958989253e-28 1.513806919876571338e-27
6.081367539974480430e+00 8.933444691675793726e-28 1.480335345770547188e-27
6.142572457449831269e+00 1.097631484494593405e-27 1.447813852909523767e-27
6.204393361691069586e+00 1.393868733042018276e-27 1.415102441260343837e-27
6.266836452195098772e+00 1.828460270175856958e-27 1.381755932461997915e-27
6.329907990852620792e+00 1.694961745679446513e-27 1.348055349416604847e-27
6.393614302576105857e+00 1.121224111278204495e-27 1.314821624604353063e-27
6.457961775934053961e+00 1.298241508745314665e-27 1.283052682276712436e-27
6.522956863791657511e+00 1.319200540263013217e-27 1.253496933857333852e-27
6.588606083957897042e+00 1.419456249573048535e-27 1.226536688542155471e-27
6.654916019839175689e+00 1.474114643553599363e-27 1.202107896922563176e-27
6.721893321099498664e+00 2.299648335669035941e-27 1.179826298005268517e-27
6.789544704327308722e+00 2.428211980596377133e-27 1.159063030622939560e-27
6.857876953709047818e+00 2.321182514329191290e-27 1.139250944379753596e-27
6.926896921709476018e+00 3.474778534727925377e-27 1.120020122895126377e-27
6.996611529758846260e+00 3.401792760538123164e-27 1.101140287850982758e-27
7.067027768947006017e+00 3.927343036528015350e-27 1.082766072074110035e-27
7.138152700724472943e+00 3.842326670977934580e-27 1.065150454986890906e-27
7.209993457610560874e+00 4.985673160287612665e-27 1.048714017183624882e-27
7.282557243908652111e+00 4.841798278463006444e-27 1.033711593061520110e-27
7.355851336428639975e+00 5.020127238192683659e-27 1.020407209413601064e-27
7.429883085216668626e+00 5.253279435038703157e-27 1.008855476057426856e-27
7.504659914292203027e+00 5.957983702959635778e-27 9.989835134868459578e-28
7.580189322392528517e+00 6.345554838902295132e-27 9.905687481295410162e-28
7.656478883724727069e+00 4.608474248810379010e-27 9.832987369246426980e-28
7.733536248725243034e+00 5.650960259853639610e-27 9.770741863544503526e-28
7.811369144827072120e+00 6.721749705058699091e-27 9.716113938338600137e-28
7.889985377234665975e+00 6.427958767994627456e-27 9.667579095694836108e-28
7.969392829706678505e+00 8.750870983137519517e-27 9.626318695010215619e-28
8.049599465346544136e+00 1.006170908042636828e-26 9.591986558623852761e-28
8.130613327401031043e+00 1.168627335448994860e-26 9.566394159810535757e-28
8.212442540066838603e+00 1.203756275112006231e-26 9.550646010898694911e-28
8.295095309305308362e+00 1.313888781563238065e-26 9.546847278648887323e-28
8.378579923665309792e+00 1.339358091481106245e-26 9.555533942979390682e-28
8.462904755114436739e+00 1.365584410457999212e-26 9.577435155426751460e-28
8.548078259878579388e+00 1.397440448228155114e-26 9.612406209863473407e-28
8.634108979289907282e+00 1.474589422863948474e-26 9.659867074936058421e-28
8.721005540643410825e+00 1.518801612333138605e-26 9.718482300660648461e-28
8.808776658062068776e+00 1.557922485310181978e-26 9.787071021957568291e-28
8.897431133370709233e+00 1.617934298327291198e-26 9.864487445595732360e-28
8.986977856978677792e+00 1.676287997756843444e-26 9.949674996225208752e-28
9.077425808771357296e+00 1.714419164372883245e-26 1.004197495092662310e-27
9.168784059010707921e+00 1.773487826324324067e-26 1.014136590665848460e-27
9.261061769244845365e+00 1.807728875773325735e-26 1.024800851191319232e-27
9.354268193226760175e+00 1.734389710715675927e-26 1.036232633481857828e-27
9.448412677842322083e+00 1.104883910435642718e-26 1.048391383465156942e-27
9.543504664047580022e+00 1.264816283296550026e-26 1.061774821198469697e-27
9.639553687815530125e+00 1.154688567485410732e-26 1.076163852114299672e-27
9.736569381092376574e+00 1.326867811216659292e-26 1.091794721576659147e-27
9.834561472763468259e+00 1.522575237254925312e-26 1.108640157109826007e-27
9.933539789628898831e+00 1.870989206937186989e-26 1.126753172645004752e-27
1.003351425738896729e+01 2.166929355910492348e-26 1.146060917562974684e-27
1.013449490163955069e+01 2.328310547304741980e-26 1.166499312221948847e-27
1.023649184887746877e+01 2.390725707153363621e-26 1.188017079687890466e-27
1.033951532751600055e+01 2.459037549290013935e-26 1.210570552305197243e-27
1.044357566891059541e+01 2.517856679275691018e-26 1.234082924122139241e-27
1.054868330839490831e+01 2.551264734351938327e-26 1.258487784518646885e-27
1.065484878632729249e+01 2.618735122610489052e-26 1.283757540959291155e-27
1.076208274914780105e+01 2.652199670158582468e-26 1.309856534126994684e-27
1.087039595044581120e+01 2.694179363027764364e-26 1.336806168266826171e-27
1.097979925203842733e+01 2.744015157944564416e-26 1.364644406170317435e-27
1.109030362505972001e+01 2.813846519513363964e-26 1.393436696193294547e-27
1.120192015106091610e+01 2.846499711290148421e-26 1.423249855645074246e-27
1.131466002312166985e+01 2.882772653198205530e-26 1.454263184227282803e-27
1.142853454697254456e+01 2.935318154781043594e-26 1.486417898103926862e-27
1.154355514212876521e+01 2.996295113108584815e-26 1.519879251973701551e-27
1.165973334303537889e+01 3.037187053426161901e-26 1.554717228857139425e-27
1.177708080022393311e+01 3.043302866631577514e-26 1.590987779106285499e-27
1.189560928148084074e+01 3.125282160659387171e-26 1.628754170389062590e-27
1.201533067302744051e+01 3.190582450764695918e-26 1.668011377471832346e-27
1.213625698071197334e+01 3.215748042313719712e-26 1.708749188468007092e-27
1.225840033121355965e+01 3.245173179300945189e-26 1.750953651172557712e-27
1.238177297325828619e+01 3.270422094786810521e-26 1.794584907282060580e-27
1.250638727884750523e+01 3.215390134175516065e-26 1.839580472883742243e-27
1.263225574449854705e+01 3.277365449794255887e-26 1.885933011136509031e-27
1.275939099249784547e+01 3.366717283788810881e-26 1.933578961047534689e-27
1.288780577216676448e+01 3.375396066370489291e-26 1.982462672303423868e-27
1.301751296114010437e+01 3.391928041564854387e-26 2.032584624320259612e-27
1.314852556665747763e+01 3.316225031624479218e-26 2.083927302161927869e-27
1.328085672686771979e+01 3.063519599841173631e-26 2.136499407347373252e-27
1.341451971214639904e+01 2.799036430540478018e-26 2.190380938899560678e-27
1.354952792642657577e+01 2.426627424613025675e-26 2.245622496033845619e-27
1.368589490854296464e+01 2.476138266337435911e-26 2.302410709530720660e-27
1.382363433358965210e+01 2.402140555362333208e-26 2.360744531016268971e-27
1.396276001429144920e+01 2.152796985805225687e-26 2.420727432255167548e-27
1.410328590238903956e+01 1.964782388360667238e-26 2.482519398474640953e-27
1.424522609003810736e+01 1.669790475973438066e-26 2.546205875452934371e-27
1.438859481122250550e+01 1.561365392052806871e-26 2.611948290490617344e-27
1.453340644318165609e+01 1.579839379487547251e-26 2.679834231888450006e-27
1.467967550785232866e+01 1.637578429681149088e-26 2.749932905248948890e-27
1.482741667332491708e+01 1.682634059867374026e-26 2.822303347474658346e-27
1.497664475531439621e+01 1.990634191259375127e-26 2.897040778778556901e-27
1.512737471864604011e+01 1.745246681762344385e-26 2.974040249374413637e-27
1.527962167875614341e+01 1.722328884957716507e-26 3.053442524223515983e-27
