3.649222927752635126e+00 7.048395483645028562e-29 3.740717611288292729e-27
3.685949928163991363e+00 7.453995843623467973e-29 3.713033343100424342e-27
3.723046561394698806e+00 8.397709127868147404e-29 3.701102925220298153e-27
3.760516547553109046e+00 9.188187576362184085e-29 3.724293728800427307e-27
3.798363644187992882e+00 9.812684659672080454e-29 3.767965858762886625e-27
3.836591646665353128e+00 1.068838143264063931e-28 3.794773793803288726e-27
3.875204388549021495e+00 1.025186358957193956e-28 3.777329867674363505e-27
3.914205741985100406e+00 1.134216135725503959e-28 3.725817995154682757e-27
3.953599618090267942e+00 1.305675113346468296e-28 3.675687965986621597e-27
3.993389967343984548e+00 1.410379220994647012e-28 3.653261445767257761e-27
4.033580779984657028e+00 1.425864106310942772e-28 3.656229514246972296e-27
4.074176086409786457e+00 1.455424141738862904e-28 3.656893674071836978e-27
4.115179957580148873e+00 1.469812254815874409e-28 3.624024154087270645e-27
4.156596505428027832e+00 1.368215760086416286e-28 3.550465113367266457e-27
4.198429883269572116e+00 3.759878321116746950e-29 3.458565990493003652e-27
4.240684286221285682e+00 4.360289544033948742e-29 3.377943088874142170e-27
4.283363951620734689e+00 5.191637126827123761e-29 3.323002108205941315e-27
4.326473159451468931e+00 3.804771209922525605e-29 3.286813717419167141e-27
4.370016232772217180e+00 2.774216269193905421e-29 3.248371700182411940e-27
4.413997538150425726e+00 2.678840134700369259e-29 3.188081466541423967e-27
4.458421486100134778e+00 5.332485878827258039e-29 3.102628506595727686e-27
4.503292531524275333e+00 1.254773647976062942e-28 3.006138796952171032e-27
4.548615174161405150e+00 1.960388507494130488e-28 2.917445227984176354e-27
4.594393959036958464e+00 3.674543392036578626e-28 2.847389357394311650e-27
4.640633476919030720e+00 4.600417449962612323e-28 2.794604721301781409e-27
4.687338364778735667e+00 4.701936568780306803e-28 2.748451360740712415e-27
4.734513306255223597e+00 4.598777260918575801e-28 2.696040129378120108e-27
4.782163032125352764e+00 4.902164248232306008e-28 2.630228480550556887e-27
4.830292320778103665e+00 4.575103283648547802e-28 2.553585421022645078e-27
4.878905998693757518e+00 5.850809217545522365e-28 2.475369270935301046e-27
4.928008940927913528e+00 7.217446771749948933e-28 2.404824853215616220e-27
4.977606071600358284e+00 7.364048421783712516e-28 2.346298275072746734e-27
5.027702364388864531e+00 7.451087279649486118e-28 2.298507585087312591e-27
5.078302843027969082e+00 8.191759969093620357e-28 2.254778524324399679e-27
5.129412581812751171e+00 7.564216215830466699e-28 2.208647858562356923e-27
5.181036706107693846e+00 8.385811739355529595e-28 2.155910888170420313e-27
5.233180392860659502e+00 7.427113202862683184e-28 2.096882452542576315e-27
5.285848871122047932e+00 8.565966374387372166e-28 2.035567331153282875e-27
5.339047422569167978e+00 8.676969357109826894e-28 1.976925089440517888e-27
5.392781382035902737e+00 9.736963630708365254e-28 1.924345964270320322e-27
5.447056138047687845e+00 7.392914836630748015e-28 1.878471046066395211e-27
5.501877133361872119e+00 9.587879804432966155e-28 1.837468797588511712e-27
5.557249865513552933e+00 7.432323076850980905e-28 1.798119441865160412e-27
5.613179887366842813e+00 8.374477914440745417e-28 1.757396790905657367e-27
5.669672807671741310e+00 7.722163696360989257e-28 1.713705095169463961e-27
5.726734291626588202e+00 6.667654149104927521e-28 1.667421657256528575e-27
5.784370061446169053e+00 8.361727139262464124e-28 1.620418993125578161e-27
5.842585896935560186e+00 6.800180738044894043e-28 1.574987318534949671e-27
5.901387636069728160e+00 6.696207436352435086e-28 1.532881323417610114e-27
5.960781175578969027e+00 7.102176527027320766e-28 1.494752158480792571e-27
6.020772471540247750e+00 9.059505256113311737e-28 1.460150389166405040e-27
6.081367539974480430e+00 8.509092476719220287e-28 1.427865507794756945e-27
6.142572457449831269e+00 1.035565287542355476e-27 1.396496206978124983e-27
6.204393361691069586e+00 1.308569708086041270e-27 1.364943615781571127e-27
6.266836452195098772e+00 1.714194449406903481e-27 1.332778279179647035e-27
6.329907990852620792e+00 1.595671297326485147e-27 1.300272519806373930e-27
6.393614302576105857e+00 1.091487619928050595e-27 1.268218487903602562e-27
6.457961775934053961e+00 1.251382824488838918e-27 1.237575104999330884e-27
6.522956863791657511e+00 1.280029964019211807e-27 1.209067115167469078e-27
6.588606083957897042e+00 1.375672383711333430e-27 1.183062310012996892e-27
6.654916019839175689e+00 1.432590173966384892e-27 1.159499416123104694e-27
6.721893321099498664e+00 2.178755309973755165e-27 1.138005380802451336e-27
6.789544704327308722e+00 2.303373184795211384e-27 1.117977895245636135e-27
6.857876953709047818e+00 2.218274483898151403e-27 1.098868600103166063e-27
6.926896921709476018e+00 3.305731404581266335e-27 1.080317493955217134e-27
6.996611529758846260e+00 3.229978856063136768e-27 1.062106709051584116e-27
7.067027768947006017e+00 3.755675344489891147e-27 1.044383709198745217e-27
7.138152700724472943e+00 3.669859393719479763e-27 1.027392396695214769e-27
7.209993457610560874e+00 4.775574786789916557e-27 1.011537396019848415e-27
7.282557243908652111e+00 4.650238773139768676e-27 9.970672200507398066e-28
7.355851336428639975e+00 4.852794706809280626e-27 9.842350760657121110e-28
7.429883085216668626e+00 5.087100247578821329e-27 9.730927847855884215e-28
7.504659914292203027e+00 5.755643488550017124e-27 9.635696112888239667e-28
7.580189322392528517e+00 6.114807604834013744e-27 9.554522095787812223e-28
7.656478883724727069e+00 4.580095721266076376e-27 9.484459627615326751e-28
7.733536248725243034e+00 5.554695266403232690e-27 9.424399687489018744e-28
7.811369144827072120e+00 6.561243550826288058e-27 9.371688314922431468e-28
7.889985377234665975e+00 6.307796985026696010e-27 9.324885943678526564e-28
7.969392829706678505e+00 8.430588343497536549e-27 9.285026714678957158e-28
8.049599465346544136e+00 9.635929230327952064e-27 9.251879118560960782e-28
8.130613327401031043e+00 1.108541127499916580e-26 9.227140309203695419e-28
8.212442540066838603e+00 1.143620216468733515e-26 9.211950370170802485e-28
8.295095309305308362e+00 1.241571341578316916e-26 9.208249411922158933e-28
8.378579923665309792e+00 1.269203577581400247e-26 9.216635225711077606e-28
8.462904755114436739e+00 1.296342336644919194e-26 9.237763476791284799e-28
8.548078259878579388e+00 1.329518077806012182e-26 9.271499631796724309e-28
8.634108979289907282e+00 1.401279715159773584e-26 9.317262741415977896e-28
8.721005540643410825e+00 1.443173712455656578e-26 9.373794314029595587e-28
8.808776658062068776e+00 1.481424012653934478e-26 9.439950405058109209e-28
8.897431133370709233e+00 1.536997456233569652e-26 9.514610862403808327e-28
8.986977856978677792e+00 1.592932316155479014e-26 9.596773293907114664e-28
9.077425808771357296e+00 1.631402468771558263e-26 9.685804403035027585e-28
9.168784059010707921e+00 1.686987401837354253e-26 9.781664172519900858e-28
9.261061769244845365e+00 1.722731737866918266e-26 9.884533309390273851e-28
9.354268193226760175e+00 1.662344127946265562e-26 9.994838537505357644e-28
9.448412677842322083e+00 1.121644077367866803e-26 1.011237100849344371e-27
9.543504664047580022e+00 1.266748017203147553e-26 1.024141953505107196e-27
9.639553687815530125e+00 1.179030851015575168e-26 1.038027230377193727e-27
9.736569381092376574e+00 1.329119783078637222e-26 1.053097910068014664e-27
9.834561472763468259e+00 1.503790515521235935e-26 1.069340520008709674e-27
9.933539789628898831e+00 1.814652675758350562e-26 1.086801435430006387e-27
1.003351425738896729e+01 2.082754175270820940e-26 1.105417552184874924e-27
1.013449490163955069e+01 2.233745243836772915e-26 1.125129026182205900e-27
1.023649184887746877e+01 2.296948709836111274e-26 1.145884605029100836e-27
1.033951532751600055e+01 2.363359922244715839e-26 1.167638482299135590e-27
1.044357566891059541e+01 2.421067563500941226e-26 1.190317488511944120e-27
1.054868330839490831e+01 2.456977321927776656e-26 1.213858273741734481e-27
1.065484878632729249e+01 2.521823614506778314e-26 1.238232008633623484e-27
1.076208274914780105e+01 2.556614696842846959e-26 1.263406582276572372e-27
1.087039595044581120e+01 2.598681735859651883e-26 1.289401339553906947e-27
1.097979925203842733e+01 2.647076178313233285e-26 1.316252838836286935e-27
1.109030362505972001e+01 2.713089133016114779e-26 1.344024021054945993e-27
1.120192015106091610e+01 2.745561525727905262e-26 1.372780762863952559e-27
1.131466002312166985e+01 2.783831993352919341e-26 1.402695637846863006e-27
1.142853454697254456e+01 2.835845916294290290e-26 1.433710850304980730e-27
1.154355514212876521e+01 2.896002887289123864e-26 1.465986324624585298e-27
1.165973334303537889e+01 2.939318683488571084e-26 1.499590347632133627e-27
1.177708080022393311e+01 2.951905415349887012e-26 1.534577032807839443e-27
1.189560928148084074e+01 3.029799844910368259e-26 1.571004221259204614e-27
1.201533067302744051e+01 3.093275219681766680e-26 1.608869884445656828e-27
1.213625698071197334e+01 3.121905796944001465e-26 1.648164789412089386e-27
1.225840033121355965e+01 3.154078533792041586e-26 1.688874189912536226e-27
1.238177297325828619e+01 3.180578788277397083e-26 1.730959487745973252e-27
1.250638727884750523e+01 3.137163016826686542e-26 1.774362821136905491e-27
1.263225574449854705e+01 3.195625433369114448e-26 1.819071951982109290e-27
1.275939099249784547e+01 3.278674154841670848e-26 1.865028118217066448e-27
1.288780577216676448e+01 3.293435039019517807e-26 1.912180608717152732e-27
1.301751296114010437e+01 3.314022195326836070e-26 1.960527030350236056e-27
1.314852556665747763e+01 3.251854488613491882e-26 2.010052679730533708e-27
1.328085672686771979e+01 3.031736586294870128e-26 2.060767664789879592e-27
1.341451971214639904e+01 2.794416018953793841e-26 2.112744504213545020e-27
1.354952792642657577e+01 2.455034635554974507e-26 2.166034097203774893e-27
1.368589490854296464e+01 2.502375345121906815e-26 2.220809059503191016e-27
1.382363433358965210e+01 2.452462873345165819e-26 2.277079503669520063e-27
1.396276001429144920e+01 2.212646635959414619e-26 2.334937926362064338e-27
1.410328590238903956e+01 2.038780563183694982e-26 2.394542049755659137e-27
1.424522609003810736e+01 1.782060915772237596e-26 2.455977580809729561e-27
1.438859481122250550e+01 1.704870681158803820e-26 2.519394836489245412e-27
1.453340644318165609e+01 1.735302006681411230e-26 2.584876320297204662e-27
1.467967550785232866e+01 1.806768658082227604e-26 2.652492357231754519e-27
1.482741667332491708e+01 1.857399344745956364e-26 2.722298276680012383e-27
1.497664475531439621e+01 2.160580396819753110e-26 2.794385614148557760e-27
1.512737471864604011e+01 1.919716813344514078e-26 2.868656319769779227e-27
1.527962167875614341e+01 1.892281762062793768e-26 2.945243243392596238e-27
