3.649222927752635126e+00 7.048395483645028562e-29 7.481435222576585458e-27
3.685949928163991363e+00 7.453995843623467973e-29 7.426066686200848685e-27
3.723046561394698806e+00 8.397709127868147404e-29 7.402205850440596307e-27
3.760516547553109046e+00 9.188187576362184085e-29 7.448587457600854614e-27
3.798363644187992882e+00 9.812684659672080454e-29 7.535931717525773250e-27
3.836591646665353128e+00 1.068838143264063931e-28 7.589547587606577452e-27
3.875204388549021495e+00 1.025186358957193956e-28 7.554659735348727010e-27
3.914205741985100406e+00 1.134216135725503959e-28 7.451635990309365513e-27
3.953599618090267942e+00 1.305675113346468296e-28 7.351375931973243193e-27
3.993389967343984548e+00 1.410379220994647012e-28 7.306522891534515522e-27
4.033580779984657028e+00 1.425864106310942772e-28 7.312459028493944591e-27
4.074176086409786457e+00 1.455424141738862904e-28 7.313787348143673956e-27
4.115179957580148873e+00 1.469812254815874409e-28 7.248048308174541291e-27
4.156596505428027832e+00 1.368215760086416286e-28 7.100930226734532914e-27
4.198429883269572116e+00 3.759878321116746950e-29 6.917131980986007304e-27
4.240684286221285682e+00 4.360289544033948742e-29 6.755886177748284340e-27
4.283363951620734689e+00 5.191637126827123761e-29 6.646004216411882631e-27
4.326473159451468931e+00 3.804771209922525605e-29 6.573627434838334283e-27
4.370016232772217180e+00 2.774216269193905421e-29 6.496743400364823881e-27
4.413997538150425726e+00 2.678840134700369259e-29 6.376162933082847934e-27
4.458421486100134778e+00 5.332485878827258039e-29 6.205257013191455371e-27
4.503292531524275333e+00 1.254773647976062942e-28 6.012277593904342065e-27
4.548615174161405150e+00 1.960388507494130488e-28 5.834890455968352708e-27
4.594393959036958464e+00 3.674543392036578626e-28 5.694778714788623299e-27
4.640633476919030720e+00 4.600417449962612323e-28 5.589209442603562818e-27
4.687338364778735667e+00 4.701936568780306803e-28 5.496902721481424829e-27
4.734513306255223597e+00 4.598777260918575801e-28 5.392080258756240215e-27
4.782163032125352764e+00 4.902164248232306008e-28 5.260456961101113775e-27
4.830292320778103665e+00 4.575103283648547802e-28 5.107170842045290157e-27
4.878905998693757518e+00 5.850809217545522365e-28 4.950738541870602093e-27
4.928008940927913528e+00 7.217446771749948933e-28 4.809649706431232440e-27
4.977606071600358284e+00 7.364048421783712516e-28 4.692596550145493469e-27
5.027702364388864531e+00 7.451087279649486118e-28 4.597015170174625183e-27
5.078302843027969082e+00 8.191759969093620357e-28 4.509557048648799358e-27
5.129412581812751171e+00 7.564216215830466699e-28 4.417295717124713846e-27
5.181036706107693846e+00 8.385811739355529595e-28 4.311821776340840625e-27
5.233180392860659502e+00 7.427113202862683184e-28 4.193764905085152630e-27
5.285848871122047932e+00 8.565966374387372166e-28 4.071134662306565749e-27
5.339047422569167978e+00 8.676969357109826894e-28 3.953850178881035776e-27
5.392781382035902737e+00 9.736963630708365254e-28 3.848691928540640644e-27
5.447056138047687845e+00 7.392914836630748015e-28 3.756942092132790422e-27
5.501877133361872119e+00 9.587879804432966155e-28 3.674937595177023423e-27
5.557249865513552933e+00 7.432323076850980905e-28 3.596238883730320823e-27
5.613179887366842813e+00 8.374477914440745417e-28 3.514793581811314734e-27
5.669672807671741310e+00 7.722163696360989257e-28 3.427410190338927921e-27
5.726734291626588202e+00 6.667654149104927521e-28 3.334843314513057151e-27
5.784370061446169053e+00 8.361727139262464124e-28 3.240837986251156322e-27
5.842585896935560186e+00 6.800180738044894043e-28 3.149974637069899343e-27
5.901387636069728160e+00 6.696207436352435086e-28 3.065762646835220228e-27
5.960781175578969027e+00 7.102176527027320766e-28 2.989504316961585143e-27
6.020772471540247750e+00 9.059505256113311737e-28 2.920300778332810080e-27
6.081367539974480430e+00 8.509092476719220287e-28 2.855731015589513891e-27
6.142572457449831269e+00 1.035565287542355476e-27 2.792992413956249965e-27
6.204393361691069586e+00 1.308569708086041270e-27 2.729887231563142254e-27
6.266836452195098772e+00 1.714194449406903481e-27 2.665556558359294071e-27
6.329907990852620792e+00 1.595671297326485147e-27 2.600545039612747860e-27
6.393614302576105857e+00 1.091487619928050595e-27 2.536436975807205124e-27
6.457961775934053961e+00 1.251382824488838918e-27 2.475150209998661768e-27
6.522956863791657511e+00 1.280029964019211807e-27 2.418134230334938156e-27
6.588606083957897042e+00 1.375672383711333430e-27 2.366124620025993784e-27
6.654916019839175689e+00 1.432590173966384892e-27 2.318998832246209388e-27
6.721893321099498664e+00 2.178755309973755165e-27 2.276010761604902671e-27
6.789544704327308722e+00 2.303373184795211384e-27 2.235955790491272269e-27
6.857876953709047818e+00 2.218274483898151403e-27 2.197737200206332127e-27
6.926896921709476018e+00 3.305731404581266335e-27 2.160634987910434269e-27
6.996611529758846260e+00 3.229978856063136768e-27 2.124213418103168231e-27
7.067027768947006017e+00 3.755675344489891147e-27 2.088767418397490435e-27
7.138152700724472943e+00 3.669859393719479763e-27 2.054784793390429537e-27
7.209993457610560874e+00 4.775574786789916557e-27 2.023074792039696830e-27
7.282557243908652111e+00 4.650238773139768676e-27 1.994134440101479613e-27
7.355851336428639975e+00 4.852794706809280626e-27 1.968470152131424222e-27
7.429883085216668626e+00 5.087100247578821329e-27 1.946185569571176843e-27
7.504659914292203027e+00 5.755643488550017124e-27 1.927139222577647933e-27
7.580189322392528517e+00 6.114807604834013744e-27 1.910904419157562445e-27
7.656478883724727069e+00 4.580095721266076376e-27 1.896891925523065350e-27
7.733536248725243034e+00 5.554695266403232690e-27 1.884879937497803749e-27
7.811369144827072120e+00 6.561243550826288058e-27 1.874337662984486294e-27
7.889985377234665975e+00 6.307796985026696010e-27 1.864977188735705313e-27
7.969392829706678505e+00 8.430588343497536549e-27 1.857005342935791432e-27
8.049599465346544136e+00 9.635929230327952064e-27 1.850375823712192156e-27
8.130613327401031043e+00 1.108541127499916580e-26 1.845428061840739084e-27
8.212442540066838603e+00 1.143620216468733515e-26 1.842390074034160497e-27
8.295095309305308362e+00 1.241571341578316916e-26 1.841649882384431787e-27
8.378579923665309792e+00 1.269203577581400247e-26 1.843327045142215521e-27
8.462904755114436739e+00 1.296342336644919194e-26 1.847552695358256960e-27
8.548078259878579388e+00 1.329518077806012182e-26 1.854299926359344862e-27
8.634108979289907282e+00 1.401279715159773584e-26 1.863452548283195579e-27
8.721005540643410825e+00 1.443173712455656578e-26 1.874758862805919117e-27
8.808776658062068776e+00 1.481424012653934478e-26 1.887990081011621842e-27
8.897431133370709233e+00 1.536997456233569652e-26 1.902922172480761665e-27
8.986977856978677792e+00 1.592932316155479014e-26 1.919354658781422933e-27
9.077425808771357296e+00 1.631402468771558263e-26 1.937160880607005517e-27
9.168784059010707921e+00 1.686987401837354253e-26 1.956332834503980172e-27
9.261061769244845365e+00 1.722731737866918266e-26 1.976906661878054770e-27
9.354268193226760175e+00 1.662344127946265562e-26 1.998967707501071529e-27
9.448412677842322083e+00 1.121644077367866803e-26 2.022474201698688741e-27
9.543504664047580022e+00 1.266748017203147553e-26 2.048283907010214393e-27
9.639553687815530125e+00 1.179030851015575168e-26 2.076054460754387453e-27
9.736569381092376574e+00 1.329119783078637222e-26 2.106195820136029329e-27
9.834561472763468259e+00 1.503790515521235935e-26 2.138681040017419347e-27
9.933539789628898831e+00 1.814652675758350562e-26 2.173602870860012775e-27
1.003351425738896729e+01 2.082754175270820940e-26 2.210835104369749848e-27
1.013449490163955069e+01 2.233745243836772915e-26 2.250258052364411800e-27
1.023649184887746877e+01 2.296948709836111274e-26 2.291769210058201671e-27
1.033951532751600055e+01 2.363359922244715839e-26 2.335276964598271179e-27
1.044357566891059541e+01 2.421067563500941226e-26 2.380634977023888240e-27
1.054868330839490831e+01 2.456977321927776656e-26 2.427716547483468961e-27
1.065484878632729249e+01 2.521823614506778314e-26 2.476464017267246967e-27
1.076208274914780105e+01 2.556614696842846959e-26 2.526813164553144744e-27
1.087039595044581120e+01 2.598681735859651883e-26 2.578802679107813894e-27
1.097979925203842733e+01 2.647076178313233285e-26 2.632505677672573871e-27
1.109030362505972001e+01 2.713089133016114779e-26 2.688048042109891986e-27
1.120192015106091610e+01 2.745561525727905262e-26 2.745561525727905118e-27
1.131466002312166985e+01 2.783831993352919341e-26 2.805391275693726011e-27
1.142853454697254456e+01 2.835845916294290290e-26 2.867421700609961460e-27
1.154355514212876521e+01 2.896002887289123864e-26 2.931972649249170595e-27
1.165973334303537889e+01 2.939318683488571084e-26 2.999180695264267255e-27
1.177708080022393311e+01 2.951905415349887012e-26 3.069154065615678886e-27
1.189560928148084074e+01 3.029799844910368259e-26 3.142008442518409228e-27
1.201533067302744051e+01 3.093275219681766680e-26 3.217739768891313657e-27
1.213625698071197334e+01 3.121905796944001465e-26 3.296329578824178772e-27
1.225840033121355965e+01 3.154078533792041586e-26 3.377748379825072451e-27
1.238177297325828619e+01 3.180578788277397083e-26 3.461918975491946504e-27
1.250638727884750523e+01 3.137163016826686542e-26 3.548725642273810982e-27
1.263225574449854705e+01 3.195625433369114448e-26 3.638143903964218580e-27
1.275939099249784547e+01 3.278674154841670848e-26 3.730056236434132897e-27
1.288780577216676448e+01 3.293435039019517807e-26 3.824361217434305463e-27
1.301751296114010437e+01 3.314022195326836070e-26 3.921054060700472112e-27
1.314852556665747763e+01 3.251854488613491882e-26 4.020105359461067417e-27
1.328085672686771979e+01 3.031736586294870128e-26 4.121535329579759184e-27
1.341451971214639904e+01 2.794416018953793841e-26 4.225489008427090040e-27
1.354952792642657577e+01 2.455034635554974507e-26 4.332068194407549787e-27
1.368589490854296464e+01 2.502375345121906815e-26 4.441618119006382032e-27
1.382363433358965210e+01 2.452462873345165819e-26 4.554159007339040126e-27
1.396276001429144920e+01 2.212646635959414619e-26 4.669875852724128677e-27
1.410328590238903956e+01 2.038780563183694982e-26 4.789084099511318274e-27
1.424522609003810736e+01 1.782060915772237596e-26 4.911955161619459122e-27
1.438859481122250550e+01 1.704870681158803820e-26 5.038789672978490824e-27
1.453340644318165609e+01 1.735302006681411230e-26 5.169752640594409325e-27
1.467967550785232866e+01 1.806768658082227604e-26 5.304984714463509039e-27
1.482741667332491708e+01 1.857399344745956364e-26 5.444596553360024766e-27
1.497664475531439621e+01 2.160580396819753110e-26 5.588771228297115520e-27
1.512737471864604011e+01 1.919716813344514078e-26 5.737312639539558455e-27
1.527962167875614341e+01 1.892281762062793768e-26 5.890486486785192475e-27
