3.649222927752635126e+00 1.471798021762840730e-28 4.871004265303650075e-27
3.685949928163991363e+00 1.497374634562655002e-28 4.834954980788157831e-27
3.723046561394698806e+00 1.721546160412111927e-28 4.819419887362568317e-27
3.760516547553109046e+00 1.861520472846683621e-28 4.849618073308340412e-27
3.798363644187992882e+00 1.966467575226443417e-28 4.906486154796570888e-27
3.836591646665353128e+00 2.164256289251366278e-28 4.941394497618835927e-27
3.875204388549021495e+00 2.057510543861733301e-28 4.918679692138754274e-27
3.914205741985100406e+00 2.267567644433921492e-28 4.851603290126837986e-27
3.953599618090267942e+00 2.591714266002441253e-28 4.786326348925715593e-27
3.993389967343984548e+00 2.772675010868669738e-28 4.757123640466804463e-27
4.033580779984657028e+00 2.767457795387342412e-28 4.760988550975907227e-27
4.074176086409786457e+00 2.792845287175091451e-28 4.761853437673973211e-27
4.115179957580148873e+00 2.790415982780574197e-28 4.719052163380550083e-27
4.156596505428027832e+00 2.567362853085969233e-28 4.623266539319656137e-27
4.198429883269572116e+00 6.455162630700785577e-29 4.503597877685207869e-27
4.240684286221285682e+00 7.475504680988087949e-29 4.398614244143500190e-27
4.283363951620734689e+00 8.896180354387846490e-29 4.327072549747592303e-27
4.326473159451468931e+00 6.494563144184640780e-29 4.279949403080426326e-27
4.370016232772217180e+00 4.613540148077726193e-29 4.229891701614182515e-27
4.413997538150425726e+00 4.387319443999083298e-29 4.151384307910125803e-27
4.458421486100134778e+00 8.641224456615032319e-29 4.040111405549908808e-27
4.503292531524275333e+00 2.136043609833552246e-28 3.914467665370533905e-27
4.548615174161405150e+00 3.341651459984469278e-28 3.798975659732263248e-27
4.594393959036958464e+00 6.339254755368507337e-28 3.707754446561746312e-27
4.640633476919030720e+00 7.850089101185667969e-28 3.639021821546689052e-27
4.687338364778735667e+00 7.931986214029953447e-28 3.578922988362436006e-27
4.734513306255223597e+00 7.723845171455291070e-28 3.510675234244700708e-27
4.782163032125352764e+00 7.998490924124161441e-28 3.424978159258469607e-27
4.830292320778103665e+00 7.234315824261307477e-28 3.325175980217750241e-27
4.878905998693757518e+00 9.308372532280603215e-28 3.223328057673281862e-27
4.928008940927913528e+00 1.135908235474912169e-27 3.131469745673941568e-27
4.977606071600358284e+00 1.109752759883509230e-27 3.055258166585280820e-27
5.027702364388864531e+00 1.081055671683521598e-27 2.993026471531245325e-27
5.078302843027969082e+00 1.192456000696339387e-27 2.936085389128428943e-27
5.129412581812751171e+00 1.020387922092152257e-27 2.876013557183076903e-27
5.181036706107693846e+00 1.148113009176052228e-27 2.807342940979861639e-27
5.233180392860659502e+00 9.269790050497281812e-28 2.730475639545301729e-27
5.285848871122047932e+00 1.079955830516238987e-27 2.650634741807611584e-27
5.339047422569167978e+00 1.096340918596047184e-27 2.574273524026134604e-27
5.392781382035902737e+00 1.192829402442714422e-27 2.505807070087665363e-27
5.447056138047687845e+00 8.512294202156078987e-28 2.446067985337741435e-27
5.501877133361872119e+00 1.133240808300226031e-27 2.392678331762477703e-27
5.557249865513552933e+00 8.483119615265605548e-28 2.341437471289708742e-27
5.613179887366842813e+00 9.489741147478315031e-28 2.288410399193076709e-27
5.669672807671741310e+00 8.702366557366320478e-28 2.231516601974552261e-27
5.726734291626588202e+00 7.511429291650423430e-28 2.171247928905469825e-27
5.784370061446169053e+00 9.460943853338580451e-28 2.110043835007289065e-27
5.842585896935560186e+00 7.736090386180063265e-28 2.050884204700333054e-27
5.901387636069728160e+00 7.623228320176189237e-28 1.996055582581815691e-27
5.960781175578969027e+00 8.061523259222505072e-28 1.946405546843977002e-27
6.020772471540247750e+00 1.026781617750489573e-27 1.901349408668983798e-27
6.081367539974480430e+00 9.651502154243744909e-28 1.859309264930635681e-27
6.142572457449831269e+00 1.175083621448838789e-27 1.818462357452055302e-27
6.204393361691069586e+00 1.491008279612898185e-27 1.777377368262102254e-27
6.266836452195098772e+00 1.963444563626542130e-27 1.735495303850901657e-27
6.329907990852620792e+00 1.826664583419103800e-27 1.693167186552613169e-27
6.393614302576105857e+00 1.252049570563209550e-27 1.651425520216667847e-27
6.457961775934053961e+00 1.419216355220632702e-27 1.611523320396782394e-27
6.522956863791657511e+00 1.449935952522465408e-27 1.574401566917797762e-27
6.588606083957897042e+00 1.547133013867527505e-27 1.540539340061796000e-27
6.654916019839175689e+00 1.612596242937867906e-27 1.509857115621602506e-27
6.721893321099498664e+00 2.433750173209295274e-27 1.481871243539126007e-27
6.789544704327308722e+00 2.569936954261426470e-27 1.455792829835575015e-27
6.857876953709047818e+00 2.470523098814320226e-27 1.430909107130771429e-27
6.926896921709476018e+00 3.712194913520846707e-27 1.406758418120773572e-27
6.996611529758846260e+00 3.583658591843829909e-27 1.383043290234515024e-27
7.067027768947006017e+00 4.229213231789626297e-27 1.359969756642578029e-27
7.138152700724472943e+00 4.096906371297436079e-27 1.337842773657492451e-27
7.209993457610560874e+00 5.435325285847270664e-27 1.317206027355371786e-27
7.282557243908652111e+00 5.282194887679304947e-27 1.298362683016616507e-27
7.355851336428639975e+00 5.727886817372910047e-27 1.281662730037620696e-27
7.429883085216668626e+00 6.222184309340716992e-27 1.267163995192982047e-27
7.504659914292203027e+00 7.216794235444982280e-27 1.254776291989492407e-27
7.580189322392528517e+00 7.333549562647121766e-27 1.244196968177400737e-27
7.656478883724727069e+00 5.933714619359106930e-27 1.235079281805634411e-27
7.733536248725243034e+00 7.312049271558270079e-27 1.227274721535728101e-27
7.811369144827072120e+00 8.772248577020135590e-27 1.220429098929693806e-27
7.889985377234665975e+00 8.059910324445123821e-27 1.214316647957914195e-27
7.969392829706678505e+00 1.129936106265905893e-26 1.209170910821393706e-27
8.049599465346544136e+00 1.298218362881298120e-26 1.204873644931463432e-27
8.130613327401031043e+00 1.528448652117756203e-26 1.201686176362156268e-27
8.212442540066838603e+00 1.546360623705566544e-26 1.199701207332668560e-27
8.295095309305308362e+00 1.732384298375034059e-26 1.199254010330129241e-27
8.378579923665309792e+00 1.756231463752501305e-26 1.200344074194711745e-27
8.462904755114436739e+00 1.790508350198247561e-26 1.203097647151270077e-27
8.548078259878579388e+00 1.801275069096581181e-26 1.207481220537664408e-27
8.634108979289907282e+00 1.956189642424518325e-26 1.213472336537062993e-27
8.721005540643410825e+00 1.992195385535287718e-26 1.220830479794095493e-27
8.808776658062068776e+00 2.024496605486437344e-26 1.229441758250946577e-27
8.897431133370709233e+00 2.120675435218592400e-26 1.239178368644031143e-27
8.986977856978677792e+00 2.193047194687204049e-26 1.249882214633334136e-27
9.077425808771357296e+00 2.225112135065883282e-26 1.261471491386211480e-27
9.168784059010707921e+00 2.311709986696160681e-26 1.273964068066053027e-27
9.261061769244845365e+00 2.348209659335007268e-26 1.287357647685760095e-27
9.354268193226760175e+00 2.229641542213850167e-26 1.301697375580694227e-27
9.448412677842322083e+00 1.482618200942648610e-26 1.316923642061160231e-27
9.543504664047580022e+00 1.692675514250075008e-26 1.333750358235411340e-27
9.639553687815530125e+00 1.566932287657403146e-26 1.351815833965398739e-27
9.736569381092376574e+00 1.758294146463174366e-26 1.371453656429933214e-27
9.834561472763468259e+00 1.981365836205354730e-26 1.392619730300840494e-27
9.933539789628898831e+00 2.392504584699127546e-26 1.415390119315863825e-27
1.003351425738896729e+01 2.759192416271012678e-26 1.439663403642165469e-27
1.013449490163955069e+01 2.970079419947175844e-26 1.465348919861852589e-27
1.023649184887746877e+01 3.037879201391425171e-26 1.492374699237573139e-27
1.033951532751600055e+01 3.131534526235457691e-26 1.520707982809561589e-27
1.044357566891059541e+01 3.199806028191023757e-26 1.550240124936913183e-27
1.054868330839490831e+01 3.231806015764736623e-26 1.580889553407715116e-27
1.065484878632729249e+01 3.322910893777218977e-26 1.612633408976421210e-27
1.076208274914780105e+01 3.355126181954821311e-26 1.645410581297344998e-27
1.087039595044581120e+01 3.398566574156074779e-26 1.679257006213234407e-27
1.097979925203842733e+01 3.447975698718375514e-26 1.714218903903823698e-27
1.109030362505972001e+01 3.546003283426128772e-26 1.750387927487884823e-27
1.120192015106091610e+01 3.575658895175024807e-26 1.787829447587512332e-27
1.131466002312166985e+01 3.597813852549062711e-26 1.826775078654194077e-27
1.142853454697254456e+01 3.659406232229047217e-26 1.867161316733033461e-27
1.154355514212876521e+01 3.737945028492455666e-26 1.909191156975902012e-27
1.165973334303537889e+01 3.771305461270282294e-26 1.952942713330430627e-27
1.177708080022393311e+01 3.749620574900777293e-26 1.998487930089633234e-27
1.189560928148084074e+01 3.867724208663797389e-26 2.045930140514486234e-27
1.201533067302744051e+01 3.957897408572966309e-26 2.095241486291465603e-27
1.213625698071197334e+01 3.961426058480091857e-26 2.146399627676703734e-27
1.225840033121355965e+01 3.987024049785811358e-26 2.199404898087824377e-27
1.238177297325828619e+01 3.998994303096658890e-26 2.254199777625113487e-27
1.250638727884750523e+01 3.834400562584219735e-26 2.310683053269213273e-27
1.263225574449854705e+01 3.970937389180985768e-26 2.368919246448573885e-27
1.275939099249784547e+01 4.077660347327853804e-26 2.428764842644280194e-27
1.288780577216676448e+01 4.057224971242805881e-26 2.490153234080046327e-27
1.301751296114010437e+01 4.088822563759373084e-26 2.553108096916332552e-27
1.314852556665747763e+01 3.995917115400443037e-26 2.617588180749071269e-27
1.328085672686771979e+01 3.615711760837438921e-26 2.683585781000820315e-27
1.341451971214639904e+01 3.309746565100478930e-26 2.751249486064339335e-27
1.354952792642657577e+01 2.884952565298576845e-26 2.820619097142148256e-27
1.368589490854296464e+01 2.932688189210005563e-26 2.891943474833743350e-27
1.382363433358965210e+01 2.912470388826227233e-26 2.965221976632273461e-27
1.396276001429144920e+01 2.573395521913780057e-26 3.040538806996113536e-27
1.410328590238903956e+01 2.363221083266575037e-26 3.118143553044151367e-27
1.424522609003810736e+01 2.066206143237940026e-26 3.198132429419441543e-27
1.438859481122250550e+01 2.007011536320867211e-26 3.280714822391528622e-27
1.453340644318165609e+01 2.074998211202469088e-26 3.365989312364797693e-27
1.467967550785232866e+01 2.185829624759726768e-26 3.454043534024593027e-27
1.482741667332491708e+01 2.249948318706523134e-26 3.544943692661538244e-27
1.497664475531439621e+01 2.611001667099042261e-26 3.638823816327770944e-27
1.512737471864604011e+01 2.312496618925907293e-26 3.735522998892314462e-27
1.527962167875614341e+01 2.269562850526046167e-26 3.835247136348476794e-27
