3.649222927752635126e+00 1.382205996705938396e-28 8.584132332093904620e-27
3.685949928163991363e+00 1.412067012570177861e-28 8.520602969017611879e-27
3.723046561394698806e+00 1.587307650684997429e-28 8.493225476983852045e-27
3.760516547553109046e+00 1.694262111139077296e-28 8.546443416100645559e-27
3.798363644187992882e+00 1.760195667851525239e-28 8.646661482059487245e-27
3.836591646665353128e+00 1.886317490470944499e-28 8.708179986393687963e-27
3.875204388549021495e+00 1.724735114460133640e-28 8.668149710388506775e-27
3.914205741985100406e+00 1.870837075094501761e-28 8.549941318067801156e-27
3.953599618090267942e+00 2.115364189548681861e-28 8.434904054754009064e-27
3.993389967343984548e+00 2.223629983309224144e-28 8.383440132590262720e-27
4.033580779984657028e+00 2.174993254273984744e-28 8.390251078585208568e-27
4.074176086409786457e+00 2.158518802387894086e-28 8.391775102362110130e-27
4.115179957580148873e+00 2.125355039181963189e-28 8.316346628449933201e-27
4.156596505428027832e+00 1.932339803657334975e-28 8.147544437740434488e-27
4.198429883269572116e+00 5.950487518354949800e-29 7.936655000821734029e-27
4.240684286221285682e+00 8.617736300125256679e-29 7.751643658999446431e-27
4.283363951620734689e+00 1.027390507718311083e-28 7.625566371560792451e-27
4.326473159451468931e+00 7.531188712016565456e-29 7.542521524028575986e-27
4.370016232772217180e+00 5.185762220465385569e-29 7.454305089416519740e-27
4.413997538150425726e+00 4.579575524590912428e-29 7.315952006175100668e-27
4.458421486100134778e+00 7.690414749835453591e-29 7.119856267577115765e-27
4.503292531524275333e+00 1.695774284739953734e-28 6.898434132396480431e-27
4.548615174161405150e+00 2.613435467049598934e-28 6.694902481933859985e-27
4.594393959036958464e+00 4.909096794367725130e-28 6.534141589256800819e-27
4.640633476919030720e+00 6.080942247277315909e-28 6.413013324027908331e-27
4.687338364778735667e+00 6.215326752144474405e-28 6.307101669188159203e-27
4.734513306255223597e+00 6.148721238770949623e-28 6.186829578468535850e-27
4.782163032125352764e+00 6.394660597514807994e-28 6.035806087773378702e-27
4.830292320778103665e+00 5.821060211310796518e-28 5.859926130801842077e-27
4.878905998693757518e+00 7.390956476908766278e-28 5.680438326168444659e-27
4.928008940927913528e+00 9.015661342709677887e-28 5.518555373343915949e-27
4.977606071600358284e+00 9.010364226396345745e-28 5.384249164902598642e-27
5.027702364388864531e+00 8.971005984071514731e-28 5.274579576270077700e-27
5.078302843027969082e+00 9.869096336977787710e-28 5.174231703778025872e-27
5.129412581812751171e+00 8.847155846929212306e-28 5.068370365146572507e-27
5.181036706107693846e+00 9.896021125600386862e-28 4.947351595933349346e-27
5.233180392860659502e+00 8.468798639711080899e-28 4.811892270452900343e-27
5.285848871122047932e+00 9.773040478196904358e-28 4.671188238553302869e-27
5.339047422569167978e+00 9.898231746292594414e-28 4.536617227259205328e-27
5.392781382035902737e+00 1.098290491611217128e-27 4.415959804446981312e-27
5.447056138047687845e+00 8.087413184624717284e-28 4.310684420807870220e-27
5.501877133361872119e+00 1.063116690666054292e-27 4.216594912776992896e-27
5.557249865513552933e+00 8.067602844937419801e-28 4.126294858161556780e-27
5.613179887366842813e+00 9.049111518915559605e-28 4.032845506785015321e-27
5.669672807671741310e+00 8.312508753696301054e-28 3.932582232383585699e-27
5.726734291626588202e+00 7.191336281600449079e-28 3.826371547143775169e-27
5.784370061446169053e+00 9.087458404989392959e-28 3.718511758116598504e-27
5.842585896935560186e+00 7.445605705950269353e-28 3.614255611095084641e-27
5.901387636069728160e+00 7.340667058403633359e-28 3.517631581479344217e-27
5.960781175578969027e+00 7.756655838115933928e-28 3.430133571978819026e-27
6.020772471540247750e+00 9.832239487955040407e-28 3.350730758465187712e-27
6.081367539974480430e+00 9.251749587283001948e-28 3.276643902400432463e-27
6.142572457449831269e+00 1.125318859169453292e-27 3.204659134549355775e-27
6.204393361691069586e+00 1.421450646289067806e-27 3.132254213179034298e-27
6.266836452195098772e+00 1.867685941919847167e-27 3.058444214426460653e-27
6.329907990852620792e+00 1.738319771155264840e-27 2.983850068467842242e-27
6.393614302576105857e+00 1.209726923034928032e-27 2.910291715952143308e-27
6.457961775934053961e+00 1.363005704358413146e-27 2.839971523503116498e-27
6.522956863791657511e+00 1.400213025840571490e-27 2.774552502252090448e-27
6.588606083957897042e+00 1.494583252573541715e-27 2.714877157066251655e-27
6.654916019839175689e+00 1.561091148192140378e-27 2.660806139496324588e-27
6.721893321099498664e+00 2.333372232545330869e-27 2.611483753261925875e-27
6.789544704327308722e+00 2.466669565802928378e-27 2.565525710766804874e-27
6.857876953709047818e+00 2.382622958599352054e-27 2.521674233389472284e-27
6.926896921709476018e+00 3.558643416514361694e-27 2.479109346854763306e-27
6.996611529758846260e+00 3.442608188649563549e-27 2.437317087182260857e-27
7.067027768947006017e+00 4.047874214982830471e-27 2.396652041575501120e-27
7.138152700724472943e+00 3.930391632073019448e-27 2.357658727734920050e-27
7.209993457610560874e+00 5.174380960853561954e-27 2.321284347052696764e-27
7.282557243908652111e+00 5.045642742484466155e-27 2.288078398422420855e-27
7.355851336428639975e+00 5.407457631841513579e-27 2.258642407677425456e-27
7.429883085216668626e+00 5.792977326999007855e-27 2.233083838766828012e-27
7.504659914292203027e+00 6.621344624960743759e-27 2.211241495188258511e-27
7.580189322392528517e+00 6.859327096464532158e-27 2.192605784937408289e-27
7.656478883724727069e+00 5.475780647461136920e-27 2.176538725862529277e-27
7.733536248725243034e+00 6.589159256060759356e-27 2.162766211221046309e-27
7.811369144827072120e+00 7.760489689465228272e-27 2.150681860052476908e-27
7.889985377234665975e+00 7.341773789764311576e-27 2.139930349723113833e-27
7.969392829706678505e+00 9.865759929394628092e-27 2.130811779247929236e-27
8.049599465346544136e+00 1.126989273147736676e-26 2.123219131128591033e-27
8.130613327401031043e+00 1.307836980672856214e-26 2.117567268430678646e-27
8.212442540066838603e+00 1.336110967091333797e-26 2.114076595139319346e-27
8.295095309305308362e+00 1.474002269596404017e-26 2.113255049587597103e-27
8.378579923665309792e+00 1.499498387657900805e-26 2.115177584089012819e-27
8.462904755114436739e+00 1.530988811465539991e-26 2.120028688902628828e-27
8.548078259878579388e+00 1.556821505546178820e-26 2.127764820762791029e-27
8.634108979289907282e+00 1.665640719542592556e-26 2.138291580194068320e-27
8.721005540643410825e+00 1.707867598061927380e-26 2.151263855939860222e-27
8.808776658062068776e+00 1.747023328598945171e-26 2.166445034197956587e-27
8.897431133370709233e+00 1.826222458794618765e-26 2.183593175256388530e-27
8.986977856978677792e+00 1.887856033133961495e-26 2.202450369546143669e-27
9.077425808771357296e+00 1.924284858501055168e-26 2.222878369701737054e-27
9.168784059010707921e+00 1.996755971249982867e-26 2.244885961612206191e-27
9.261061769244845365e+00 2.033087163539226448e-26 2.268490925458396075e-27
9.354268193226760175e+00 1.967046103721241065e-26 2.293798091334604452e-27
9.448412677842322083e+00 1.439609439485198943e-26 2.320776107547042451e-27
9.543504664047580022e+00 1.596452214952156179e-26 2.350395552193276162e-27
9.639553687815530125e+00 1.518298049806673188e-26 2.382263278247336530e-27
9.736569381092376574e+00 1.675295789804075070e-26 2.416849389304545687e-27
9.834561472763468259e+00 1.854636521141229594e-26 2.454123302703248140e-27
9.933539789628898831e+00 2.163851860048956438e-26 2.494188951482307933e-27
1.003351425738896729e+01 2.434412098394700963e-26 2.536908063345219962e-27
1.013449490163955069e+01 2.593741832718720674e-26 2.582144306706803999e-27
1.023649184887746877e+01 2.653197983629970702e-26 2.629769152073806481e-27
1.033951532751600055e+01 2.730901998433194358e-26 2.679693828729622188e-27
1.044357566891059541e+01 2.793197895042475242e-26 2.731737352366129884e-27
1.054868330839490831e+01 2.827806798568690282e-26 2.785754958284410508e-27
1.065484878632729249e+01 2.904512411999600844e-26 2.841691524150544878e-27
1.076208274914780105e+01 2.938870712298927186e-26 2.899458688955914061e-27
1.087039595044581120e+01 2.982331736974886437e-26 2.959108999028813723e-27
1.097979925203842733e+01 3.033942236626899217e-26 3.020726314978154602e-27
1.109030362505972001e+01 3.115140102232463998e-26 3.084460561866481617e-27
1.120192015106091610e+01 3.150449616604152195e-26 3.150449616604152123e-27
1.131466002312166985e+01 3.180492880860521210e-26 3.219090445085714939e-27
1.142853454697254456e+01 3.236399851315020910e-26 3.290262798266695949e-27
1.154355514212876521e+01 3.301594664722953150e-26 3.364327751656015932e-27
1.165973334303537889e+01 3.337014074367786277e-26 3.441434836207069022e-27
1.177708080022393311e+01 3.333557052201387081e-26 3.521710900531603782e-27
1.189560928148084074e+01 3.426611014499207270e-26 3.605308310338352846e-27
1.201533067302744051e+01 3.500006397890603208e-26 3.692203996943781731e-27
1.213625698071197334e+01 3.518128235938063353e-26 3.782369556640841863e-27
1.225840033121355965e+01 3.547582992496101393e-26 3.875784957355240161e-27
1.238177297325828619e+01 3.569628727283524438e-26 3.972356999800225934e-27
1.250638727884750523e+01 3.480978620964868521e-26 4.071934842313633485e-27
1.263225574449854705e+01 3.571424584160758136e-26 4.174545089567759733e-27
1.275939099249784547e+01 3.664876573831621449e-26 4.280006912711565491e-27
1.288780577216676448e+01 3.666161098605523670e-26 4.388203305411428690e-27
1.301751296114010437e+01 3.690940709475106458e-26 4.499147456695208156e-27
1.314852556665747763e+01 3.619801522603050081e-26 4.612791944205328248e-27
1.328085672686771979e+01 3.343886882946503277e-26 4.729145783972065713e-27
1.341451971214639904e+01 3.092609506891770811e-26 4.848413632959683643e-27
1.354952792642657577e+01 2.738441694594883388e-26 4.970693799894747842e-27
1.368589490854296464e+01 2.786335410251225541e-26 5.096389059384497525e-27
1.382363433358965210e+01 2.782575922600327520e-26 5.225534657347163076e-27
1.396276001429144920e+01 2.499165121579347447e-26 5.358287904148121483e-27
1.410328590238903956e+01 2.316494691154715264e-26 5.495061399903481434e-27
1.424522609003810736e+01 2.075349018456382893e-26 5.636047218799000374e-27
1.438859481122250550e+01 2.047602404542244857e-26 5.781593600045545915e-27
1.453340644318165609e+01 2.128992446142266826e-26 5.931877071308359458e-27
1.467967550785232866e+01 2.246229161083529009e-26 6.087056489738004448e-27
1.482741667332491708e+01 2.313208738060688061e-26 6.247249912071606130e-27
1.497664475531439621e+01 2.700804809066648234e-26 6.412703576231418412e-27
1.512737471864604011e+01 2.376320323923294388e-26 6.583105974784340730e-27
1.527962167875614341e+01 2.328167926150828542e-26 6.758846898121783537e-27
