3.649222927752635126e+00 1.382205996705938396e-28 4.292066166046952310e-27
3.685949928163991363e+00 1.412067012570177861e-28 4.260301484508805939e-27
3.723046561394698806e+00 1.587307650684997429e-28 4.246612738491926022e-27
3.760516547553109046e+00 1.694262111139077296e-28 4.273221708050322780e-27
3.798363644187992882e+00 1.760195667851525239e-28 4.323330741029743622e-27
3.836591646665353128e+00 1.886317490470944499e-28 4.354089993196843982e-27
3.875204388549021495e+00 1.724735114460133640e-28 4.334074855194253387e-27
3.914205741985100406e+00 1.870837075094501761e-28 4.274970659033900578e-27
3.953599618090267942e+00 2.115364189548681861e-28 4.217452027377004532e-27
3.993389967343984548e+00 2.223629983309224144e-28 4.191720066295131360e-27
4.033580779984657028e+00 2.174993254273984744e-28 4.195125539292604284e-27
4.074176086409786457e+00 2.158518802387894086e-28 4.195887551181055065e-27
4.115179957580148873e+00 2.125355039181963189e-28 4.158173314224966601e-27
4.156596505428027832e+00 1.932339803657334975e-28 4.073772218870217244e-27
4.198429883269572116e+00 5.950487518354949800e-29 3.968327500410867014e-27
4.240684286221285682e+00 8.617736300125256679e-29 3.875821829499723216e-27
4.283363951620734689e+00 1.027390507718311083e-28 3.812783185780396225e-27
4.326473159451468931e+00 7.531188712016565456e-29 3.771260762014287993e-27
4.370016232772217180e+00 5.185762220465385569e-29 3.727152544708259870e-27
4.413997538150425726e+00 4.579575524590912428e-29 3.657976003087550334e-27
4.458421486100134778e+00 7.690414749835453591e-29 3.559928133788557883e-27
4.503292531524275333e+00 1.695774284739953734e-28 3.449217066198240216e-27
4.548615174161405150e+00 2.613435467049598934e-28 3.347451240966929992e-27
4.594393959036958464e+00 4.909096794367725130e-28 3.267070794628400410e-27
4.640633476919030720e+00 6.080942247277315909e-28 3.206506662013954165e-27
4.687338364778735667e+00 6.215326752144474405e-28 3.153550834594079601e-27
4.734513306255223597e+00 6.148721238770949623e-28 3.093414789234267925e-27
4.782163032125352764e+00 6.394660597514807994e-28 3.017903043886689351e-27
4.830292320778103665e+00 5.821060211310796518e-28 2.929963065400921038e-27
4.878905998693757518e+00 7.390956476908766278e-28 2.840219163084222330e-27
4.928008940927913528e+00 9.015661342709677887e-28 2.759277686671957975e-27
4.977606071600358284e+00 9.010364226396345745e-28 2.692124582451299321e-27
5.027702364388864531e+00 8.971005984071514731e-28 2.637289788135038850e-27
5.078302843027969082e+00 9.869096336977787710e-28 2.587115851889012936e-27
5.129412581812751171e+00 8.847155846929212306e-28 2.534185182573286253e-27
5.181036706107693846e+00 9.896021125600386862e-28 2.473675797966674673e-27
5.233180392860659502e+00 8.468798639711080899e-28 2.405946135226450171e-27
5.285848871122047932e+00 9.773040478196904358e-28 2.335594119276651434e-27
5.339047422569167978e+00 9.898231746292594414e-28 2.268308613629602664e-27
5.392781382035902737e+00 1.098290491611217128e-27 2.207979902223490656e-27
5.447056138047687845e+00 8.087413184624717284e-28 2.155342210403935110e-27
5.501877133361872119e+00 1.063116690666054292e-27 2.108297456388496448e-27
5.557249865513552933e+00 8.067602844937419801e-28 2.063147429080778390e-27
5.613179887366842813e+00 9.049111518915559605e-28 2.016422753392507661e-27
5.669672807671741310e+00 8.312508753696301054e-28 1.966291116191792849e-27
5.726734291626588202e+00 7.191336281600449079e-28 1.913185773571887584e-27
5.784370061446169053e+00 9.087458404989392959e-28 1.859255879058299252e-27
5.842585896935560186e+00 7.445605705950269353e-28 1.807127805547542321e-27
5.901387636069728160e+00 7.340667058403633359e-28 1.758815790739672108e-27
5.960781175578969027e+00 7.756655838115933928e-28 1.715066785989409513e-27
6.020772471540247750e+00 9.832239487955040407e-28 1.675365379232593856e-27
6.081367539974480430e+00 9.251749587283001948e-28 1.638321951200216231e-27
6.142572457449831269e+00 1.125318859169453292e-27 1.602329567274677888e-27
6.204393361691069586e+00 1.421450646289067806e-27 1.566127106589517149e-27
6.266836452195098772e+00 1.867685941919847167e-27 1.529222107213230326e-27
6.329907990852620792e+00 1.738319771155264840e-27 1.491925034233921121e-27
6.393614302576105857e+00 1.209726923034928032e-27 1.455145857976071654e-27
6.457961775934053961e+00 1.363005704358413146e-27 1.419985761751558249e-27
6.522956863791657511e+00 1.400213025840571490e-27 1.387276251126045224e-27
6.588606083957897042e+00 1.494583252573541715e-27 1.357438578533125827e-27
6.654916019839175689e+00 1.561091148192140378e-27 1.330403069748162294e-27
6.721893321099498664e+00 2.333372232545330869e-27 1.305741876630962937e-27
6.789544704327308722e+00 2.466669565802928378e-27 1.282762855383402437e-27
6.857876953709047818e+00 2.382622958599352054e-27 1.260837116694736142e-27
6.926896921709476018e+00 3.558643416514361694e-27 1.239554673427381653e-27
6.996611529758846260e+00 3.442608188649563549e-27 1.218658543591130428e-27
7.067027768947006017e+00 4.047874214982830471e-27 1.198326020787750560e-27
7.138152700724472943e+00 3.930391632073019448e-27 1.178829363867460025e-27
7.209993457610560874e+00 5.174380960853561954e-27 1.160642173526348382e-27
7.282557243908652111e+00 5.045642742484466155e-27 1.144039199211210427e-27
7.355851336428639975e+00 5.407457631841513579e-27 1.129321203838712728e-27
7.429883085216668626e+00 5.792977326999007855e-27 1.116541919383414006e-27
7.504659914292203027e+00 6.621344624960743759e-27 1.105620747594129255e-27
7.580189322392528517e+00 6.859327096464532158e-27 1.096302892468704144e-27
7.656478883724727069e+00 5.475780647461136920e-27 1.088269362931264639e-27
7.733536248725243034e+00 6.589159256060759356e-27 1.081383105610523155e-27
7.811369144827072120e+00 7.760489689465228272e-27 1.075340930026238454e-27
7.889985377234665975e+00 7.341773789764311576e-27 1.069965174861556916e-27
7.969392829706678505e+00 9.865759929394628092e-27 1.065405889623964618e-27
8.049599465346544136e+00 1.126989273147736676e-26 1.061609565564295516e-27
8.130613327401031043e+00 1.307836980672856214e-26 1.058783634215339323e-27
8.212442540066838603e+00 1.336110967091333797e-26 1.057038297569659673e-27
8.295095309305308362e+00 1.474002269596404017e-26 1.056627524793798551e-27
8.378579923665309792e+00 1.499498387657900805e-26 1.057588792044506409e-27
8.462904755114436739e+00 1.530988811465539991e-26 1.060014344451314414e-27
8.548078259878579388e+00 1.556821505546178820e-26 1.063882410381395515e-27
8.634108979289907282e+00 1.665640719542592556e-26 1.069145790097034160e-27
8.721005540643410825e+00 1.707867598061927380e-26 1.075631927969930111e-27
8.808776658062068776e+00 1.747023328598945171e-26 1.083222517098978293e-27
8.897431133370709233e+00 1.826222458794618765e-26 1.091796587628194265e-27
8.986977856978677792e+00 1.887856033133961495e-26 1.101225184773071834e-27
9.077425808771357296e+00 1.924284858501055168e-26 1.111439184850868527e-27
9.168784059010707921e+00 1.996755971249982867e-26 1.122442980806103096e-27
9.261061769244845365e+00 2.033087163539226448e-26 1.134245462729198038e-27
9.354268193226760175e+00 1.967046103721241065e-26 1.146899045667302226e-27
9.448412677842322083e+00 1.439609439485198943e-26 1.160388053773521225e-27
9.543504664047580022e+00 1.596452214952156179e-26 1.175197776096638081e-27
9.639553687815530125e+00 1.518298049806673188e-26 1.191131639123668265e-27
9.736569381092376574e+00 1.675295789804075070e-26 1.208424694652272843e-27
9.834561472763468259e+00 1.854636521141229594e-26 1.227061651351624070e-27
9.933539789628898831e+00 2.163851860048956438e-26 1.247094475741153967e-27
1.003351425738896729e+01 2.434412098394700963e-26 1.268454031672609981e-27
1.013449490163955069e+01 2.593741832718720674e-26 1.291072153353402000e-27
1.023649184887746877e+01 2.653197983629970702e-26 1.314884576036903241e-27
1.033951532751600055e+01 2.730901998433194358e-26 1.339846914364811094e-27
1.044357566891059541e+01 2.793197895042475242e-26 1.365868676183064942e-27
1.054868330839490831e+01 2.827806798568690282e-26 1.392877479142205254e-27
1.065484878632729249e+01 2.904512411999600844e-26 1.420845762075272439e-27
1.076208274914780105e+01 2.938870712298927186e-26 1.449729344477957030e-27
1.087039595044581120e+01 2.982331736974886437e-26 1.479554499514406861e-27
1.097979925203842733e+01 3.033942236626899217e-26 1.510363157489077301e-27
1.109030362505972001e+01 3.115140102232463998e-26 1.542230280933240809e-27
1.120192015106091610e+01 3.150449616604152195e-26 1.575224808302076062e-27
1.131466002312166985e+01 3.180492880860521210e-26 1.609545222542857469e-27
1.142853454697254456e+01 3.236399851315020910e-26 1.645131399133347975e-27
1.154355514212876521e+01 3.301594664722953150e-26 1.682163875828007966e-27
1.165973334303537889e+01 3.337014074367786277e-26 1.720717418103534511e-27
1.177708080022393311e+01 3.333557052201387081e-26 1.760855450265801891e-27
1.189560928148084074e+01 3.426611014499207270e-26 1.802654155169176423e-27
1.201533067302744051e+01 3.500006397890603208e-26 1.846101998471890866e-27
1.213625698071197334e+01 3.518128235938063353e-26 1.891184778320420931e-27
1.225840033121355965e+01 3.547582992496101393e-26 1.937892478677620081e-27
1.238177297325828619e+01 3.569628727283524438e-26 1.986178499900112967e-27
1.250638727884750523e+01 3.480978620964868521e-26 2.035967421156816742e-27
1.263225574449854705e+01 3.571424584160758136e-26 2.087272544783879867e-27
1.275939099249784547e+01 3.664876573831621449e-26 2.140003456355782746e-27
1.288780577216676448e+01 3.666161098605523670e-26 2.194101652705714345e-27
1.301751296114010437e+01 3.690940709475106458e-26 2.249573728347604078e-27
1.314852556665747763e+01 3.619801522603050081e-26 2.306395972102664124e-27
1.328085672686771979e+01 3.343886882946503277e-26 2.364572891986032856e-27
1.341451971214639904e+01 3.092609506891770811e-26 2.424206816479841821e-27
1.354952792642657577e+01 2.738441694594883388e-26 2.485346899947373921e-27
1.368589490854296464e+01 2.786335410251225541e-26 2.548194529692248763e-27
1.382363433358965210e+01 2.782575922600327520e-26 2.612767328673581538e-27
1.396276001429144920e+01 2.499165121579347447e-26 2.679143952074060741e-27
1.410328590238903956e+01 2.316494691154715264e-26 2.747530699951740717e-27
1.424522609003810736e+01 2.075349018456382893e-26 2.818023609399500187e-27
1.438859481122250550e+01 2.047602404542244857e-26 2.890796800022772957e-27
1.453340644318165609e+01 2.128992446142266826e-26 2.965938535654179729e-27
1.467967550785232866e+01 2.246229161083529009e-26 3.043528244869002224e-27
1.482741667332491708e+01 2.313208738060688061e-26 3.123624956035803065e-27
1.497664475531439621e+01 2.700804809066648234e-26 3.206351788115709206e-27
1.512737471864604011e+01 2.376320323923294388e-26 3.291552987392170365e-27
1.527962167875614341e+01 2.328167926150828542e-26 3.379423449060891768e-27
