3.710161685477076698e+00 8.115210133921726614e-29 3.747160999317621711e-27
3.785189736958238793e+00 9.618164449856750001e-29 3.798818218310318687e-27
3.861735029192303159e+00 1.052226070386673520e-28 3.835234338039390566e-27
3.939828244296916804e+00 1.238995725864123664e-28 3.736227799962668452e-27
4.019500684853110961e+00 1.424870650751327223e-28 3.698596997519180697e-27
4.100784286452527461e+00 1.461914557508956177e-28 3.685256376084211143e-27
4.183711630498329725e+00 7.900099076385112133e-29 3.533752675388590979e-27
4.268315957265022220e+00 4.822320388578562208e-29 3.380413178229564674e-27
4.354631179222358206e+00 3.132713509995130644e-29 3.303692124314302499e-27
4.442691894628660876e+00 4.439331805453824091e-29 3.173505055725856681e-27
4.532533401399081896e+00 1.755552115187485872e-28 2.983133297101036204e-27
4.624191711254259651e+00 4.327014616009486317e-28 2.846345693747817292e-27
4.717703564155121931e+00 4.610582763410638117e-28 2.749295651289488542e-27
4.813106443029600889e+00 4.795963717294151143e-28 2.613204953891335922e-27
4.910438588797126691e+00 6.466526944547478398e-28 2.458417805792928849e-27
5.009739015696981212e+00 7.716264911549631135e-28 2.342767822058332688e-27
5.111047526926614459e+00 7.896887538036723715e-28 2.252976086813051921e-27
5.214404730596193360e+00 8.027399012452006955e-28 2.144429314459802662e-27
5.319852056005806240e+00 8.591162609756664792e-28 2.021766652060637020e-27
5.427431770251836873e+00 8.222180223949309162e-28 1.917335127050941771e-27
5.537186995169100179e+00 8.759783470488068852e-28 1.834342532342669718e-27
5.649161724615682445e+00 8.113321328757604325e-28 1.750815640486558449e-27
5.763400842107240685e+00 7.177372154136748065e-28 1.657159331420031631e-27
5.879950138807928717e+00 6.678336455291013012e-28 1.566343673231522377e-27
5.998856331885181525e+00 8.234337089321028804e-28 1.490038188069477769e-27
6.120167083235607208e+00 9.752740912561846220e-28 1.424689617982645439e-27
6.243931018589617743e+00 1.579094923460693930e-27 1.360524179251559663e-27
6.370197747002383615e+00 1.271751488340397979e-27 1.294887134321709984e-27
6.499017880738906960e+00 1.282986599674713597e-27 1.233452162544020191e-27
6.630443055561273447e+00 1.474268639205304773e-27 1.181363010904769203e-27
6.764525951426121786e+00 2.195601986096957098e-27 1.138029986145114959e-27
6.901320313600665557e+00 2.825620982553122489e-27 1.099315275940607959e-27
7.040880974205744991e+00 3.646395710764264571e-27 1.062464808875444629e-27
7.183263874194516063e+00 4.206379312978649898e-27 1.028262556152688261e-27
7.328526085775608045e+00 4.794169761574342103e-27 9.992616004091610298e-28
7.476725835289739663e+00 5.574541636926757339e-27 9.769054145309948750e-28
7.627922526548905680e+00 5.203785454503900700e-27 9.604620337042019872e-28
7.782176764647598333e+00 6.143391869838213561e-27 9.481635732717599774e-28
7.939550380255518292e+00 7.519818324025445707e-27 9.386119116725818930e-28
8.100106454401514000e+00 1.050838422698824363e-26 9.318355865578898075e-28
8.263909343758772508e+00 1.194866485474706969e-26 9.287483995585893428e-28
8.431024706441272443e+00 1.283225774104994906e-26 9.304109053244317707e-28
8.601519528321922792e+00 1.377374262188547720e-26 9.371304617228131827e-28
8.775462149882951479e+00 1.472262048441544446e-26 9.483599150519754879e-28
8.952922293609205440e+00 1.566815898586287880e-26 9.631710577541158249e-28
9.133971091935466191e+00 1.668319459901203643e-26 9.808708750273434345e-28
9.318681115758884914e+00 1.668129136640401629e-26 1.001352030316125916e-27
9.507126403528005198e+00 1.197604580810869246e-26 1.025018475536308555e-27
9.699382490920086752e+00 1.254462424099057123e-26 1.052892068657218649e-27
9.895526441118494887e+00 1.695909946822822460e-26 1.085464010960731290e-27
1.009563687570241797e+01 2.175016144800755375e-26 1.122735628637613857e-27
1.029979400616126028e+01 2.337997679435913150e-26 1.164285842461001647e-27
1.050807966604626742e+01 2.443652522317965808e-26 1.209649579109113138e-27
1.072057734377237992e+01 2.545217315281846717e-26 1.258396635288963478e-27
1.093737221608342836e+01 2.627962144225554918e-26 1.310416142029263092e-27
1.115855118219401909e+01 2.732050686348212868e-26 1.366025343174106398e-27
1.138420289862189350e+01 2.818092256880185311e-26 1.425903120042890811e-27
1.161441781472466417e+01 2.915891931165767435e-26 1.490610933438390624e-27
1.184928820895516210e+01 3.003167009264958630e-26 1.560781418782139356e-27
1.208890822585000890e+01 3.112571452775485174e-26 1.636693805099910294e-27
1.233337391376612224e+01 3.163174874820312640e-26 1.718280003494369008e-27
1.258278326338034958e+01 3.178374632867273177e-26 1.805257786105162621e-27
1.283723624696773058e+01 3.287565095506351782e-26 1.897296184453962153e-27
1.309683485847392781e+01 3.274268845657237125e-26 1.994117157370725244e-27
1.336168315439812915e+01 2.851531658228720654e-26 2.095708313931645356e-27
1.363188729550263645e+01 2.508704870695739481e-26 2.202543501612314482e-27
1.390755558936591285e+01 2.307897136895137345e-26 2.315308307465470905e-27
1.418879853379622524e+01 1.885419804499048302e-26 2.434790685082987500e-27
1.447572886112309121e+01 1.727650427920609718e-26 2.561950098273867108e-27
1.476846158338450188e+01 1.831851706741061286e-26 2.697525961013839225e-27
1.506711403842792230e+01 2.038214226584457169e-26 2.841994147161771098e-27
