3.710161685477076698e+00 8.209320627577211445e-29 3.885017188691733331e-27
3.785189736958238793e+00 9.975231551301757593e-29 3.938574880996972728e-27
3.861735029192303159e+00 1.115079805283073790e-28 3.976330765215057675e-27
3.939828244296916804e+00 1.335110460619659042e-28 3.873681867797311567e-27
4.019500684853110961e+00 1.549498131331830637e-28 3.834666687037893357e-27
4.100784286452527461e+00 1.587282801497639263e-28 3.820835279329189364e-27
4.183711630498329725e+00 8.178502487649417307e-29 3.663757706522643055e-27
4.268315957265022220e+00 3.957106220771017903e-29 3.504776768752998885e-27
4.354631179222358206e+00 2.593107879868028590e-29 3.425233227139039212e-27
4.442691894628660876e+00 4.201147349439928411e-29 3.290256683794258993e-27
4.532533401399081896e+00 1.856704490971731008e-28 3.092881435368989212e-27
4.624191711254259651e+00 4.771903386125477296e-28 2.951062039982099534e-27
4.717703564155121931e+00 5.053831090407002294e-28 2.850441604485934619e-27
4.813106443029600889e+00 5.194184347892399321e-28 2.709344145940848990e-27
4.910438588797126691e+00 7.017900285614979372e-28 2.548862746861254122e-27
5.009739015696981212e+00 8.372889763256711729e-28 2.428958286940652328e-27
5.111047526926614459e+00 8.524886575745776919e-28 2.335863154302781562e-27
5.214404730596193360e+00 8.614310366869687758e-28 2.223322960893530469e-27
5.319852056005806240e+00 9.205742801172141343e-28 2.096147689683590614e-27
5.427431770251836873e+00 8.836062091851909288e-28 1.987874219741266780e-27
5.537186995169100179e+00 9.412068216671236405e-28 1.901828501705380087e-27
5.649161724615682445e+00 8.759031642180463028e-28 1.815228733375843202e-27
5.763400842107240685e+00 7.692137394202190547e-28 1.718126593490871124e-27
5.879950138807928717e+00 7.036846506914987729e-28 1.623969531750351340e-27
5.998856331885181525e+00 8.711133658944768277e-28 1.544857124267849727e-27
6.120167083235607208e+00 1.032512495616983865e-27 1.477104695191532678e-27
6.243931018589617743e+00 1.682682454322449398e-27 1.410579902674183707e-27
6.370197747002383615e+00 1.328372482225885249e-27 1.342526908780242284e-27
6.499017880738906960e+00 1.327813855265905417e-27 1.278831485964070357e-27
6.630443055561273447e+00 1.524838725106132271e-27 1.224826192438505923e-27
6.764525951426121786e+00 2.310366312876851075e-27 1.179900859002242446e-27
6.901320313600665557e+00 2.968029727348663586e-27 1.139762747251221049e-27
7.040880974205744991e+00 3.823314757199859053e-27 1.101557690001925110e-27
7.183263874194516063e+00 4.396653613357261491e-27 1.066097644705732937e-27
7.328526085775608045e+00 4.970672380795220375e-27 1.036029409693428973e-27
7.476725835289739663e+00 5.772146014408664414e-27 1.012851482062430476e-27
7.627922526548905680e+00 5.315485616386598756e-27 9.958004986679940278e-28
7.782176764647598333e+00 6.276261018669425302e-27 9.830502917452290047e-28
7.939550380255518292e+00 7.754759856243907431e-27 9.731505334767234986e-28
8.100106454401514000e+00 1.103708526545300225e-26 9.661343793052884842e-28
8.263909343758772508e+00 1.260706052819088660e-26 9.629377547789442683e-28
8.431024706441272443e+00 1.352393078308398371e-26 9.646624077844179224e-28
8.601519528321922792e+00 1.449055025952499772e-26 9.716298503815260136e-28
8.775462149882951479e+00 1.549541481810697788e-26 9.832740262243356827e-28
8.952922293609205440e+00 1.648186938631540965e-26 9.986310970271073015e-28
9.133971091935466191e+00 1.754017623389003705e-26 1.016983089143545007e-27
9.318681115758884914e+00 1.742397276342840267e-26 1.038213849404552427e-27
9.507126403528005198e+00 1.187703222308968851e-26 1.062725435246207475e-27
9.699382490920086752e+00 1.240852720834808205e-26 1.091623454160841685e-27
9.895526441118494887e+00 1.737841577940104001e-26 1.125409724903523090e-27
1.009563687570241797e+01 2.265485602343585654e-26 1.164065932353192374e-27
1.029979400616126028e+01 2.432949173945028564e-26 1.207145434246133424e-27
1.050807966604626742e+01 2.538971166480074535e-26 1.254177580637094742e-27
1.072057734377237992e+01 2.641590373628112291e-26 1.304717676038026656e-27
1.093737221608342836e+01 2.724275678453082960e-26 1.358650302846463504e-27
1.115855118219401909e+01 2.832611510985387995e-26 1.416305755492694069e-27
1.138420289862189350e+01 2.917697875972562394e-26 1.478385511689204783e-27
1.161441781472466417e+01 3.013557510518941854e-26 1.545472796406211841e-27
1.184928820895516210e+01 3.097772223017141491e-26 1.618223510200528554e-27
1.208890822585000890e+01 3.208040116780611363e-26 1.696928302674644755e-27
1.233337391376612224e+01 3.252208938418017016e-26 1.781514063269364269e-27
1.258278326338034958e+01 3.259758217926923612e-26 1.871689591632099244e-27
1.283723624696773058e+01 3.372041422217153444e-26 1.967114229878380931e-27
1.309683485847392781e+01 3.343441432267178922e-26 2.067493662114403215e-27
1.336168315439812915e+01 2.863987523176072457e-26 2.172810818070377573e-27
1.363188729550263645e+01 2.483223027555772121e-26 2.283569107332420425e-27
1.390755558936591285e+01 2.250348367455841907e-26 2.400476632394231777e-27
1.418879853379622524e+01 1.788723025903141758e-26 2.524347880243293859e-27
1.447572886112309121e+01 1.575947754775026063e-26 2.656176135894694485e-27
1.476846158338450188e+01 1.660206427882973386e-26 2.796736979230212118e-27
1.506711403842792230e+01 1.866683065582254000e-26 2.946520798442021456e-27
