3.710161685477076698e+00 1.536380931606827317e-28 8.597726639912689759e-27
3.785189736958238793e+00 1.743474672287690922e-28 8.716252470588256561e-27
3.861735029192303159e+00 1.802246742891240005e-28 8.799807937973497771e-27
3.939828244296916804e+00 2.017688004094453716e-28 8.572641150825340156e-27
4.019500684853110961e+00 2.199352094101660202e-28 8.486298709094635409e-27
4.100784286452527461e+00 2.132662927442449571e-28 8.455688940609027615e-27
4.183711630498329725e+00 1.162937398395244357e-28 8.108068364190987484e-27
4.268315957265022220e+00 9.542957003351585318e-29 7.756236789899603662e-27
4.354631179222358206e+00 6.016790397594472878e-29 7.580202595879077901e-27
4.442691894628660876e+00 6.651866133065844731e-29 7.281492903865335996e-27
4.532533401399081896e+00 2.343357324325815131e-28 6.844693083888570756e-27
4.624191711254259651e+00 5.750064861289256479e-28 6.530841922287935561e-27
4.717703564155121931e+00 6.128131798602764855e-28 6.308164700171262763e-27
4.813106443029600889e+00 6.170067172970312845e-28 5.995909178082627759e-27
4.910438588797126691e+00 8.060423234264972427e-28 5.640756691932741214e-27
5.009739015696981212e+00 9.406842890493374062e-28 5.375402620709648941e-27
5.111047526926614459e+00 9.346839897106901622e-28 5.169378010176627300e-27
5.214404730596193360e+00 9.332500646494579046e-28 4.920320959040553575e-27
5.319852056005806240e+00 9.759850828633655657e-28 4.638875477698275315e-27
5.427431770251836873e+00 9.122799404370260700e-28 4.399260053984943737e-27
5.537186995169100179e+00 9.614746804803111533e-28 4.208836495507886389e-27
5.649161724615682445e+00 8.749616610294090270e-28 4.017186126696565114e-27
5.763400842107240685e+00 7.796199665925771636e-28 3.802295128479618182e-27
5.879950138807928717e+00 7.336402994301654134e-28 3.593922192866772995e-27
5.998856331885181525e+00 8.942475624799138405e-28 3.418842407616254901e-27
6.120167083235607208e+00 1.057250451820364252e-27 3.268903241907969370e-27
6.243931018589617743e+00 1.721200483254780749e-27 3.121681603996003807e-27
6.370197747002383615e+00 1.395118598114407360e-27 2.971078881392997152e-27
6.499017880738906960e+00 1.398474687731501203e-27 2.830118260733481780e-27
6.630443055561273447e+00 1.601456068115356006e-27 2.710602493951227449e-27
6.764525951426121786e+00 2.354623969402728568e-27 2.611178674927657463e-27
6.901320313600665557e+00 3.034790287224390090e-27 2.522352691896029675e-27
7.040880974205744991e+00 3.917133733647708313e-27 2.437804999203719087e-27
7.183263874194516063e+00 4.530225858220539152e-27 2.359333048022034231e-27
7.328526085775608045e+00 5.302065088088813630e-27 2.292804337279807925e-27
7.476725835289739663e+00 6.384182011751257949e-27 2.241530287527440147e-27
7.627922526548905680e+00 6.018619462998681325e-27 2.203802538500157405e-27
7.782176764647598333e+00 7.251689418332294681e-27 2.175605445389221177e-27
7.939550380255518292e+00 8.799510975988709373e-27 2.153702079382919634e-27
8.100106454401514000e+00 1.234451216998438333e-26 2.138193797569663837e-27
8.263909343758772508e+00 1.405579152981874161e-26 2.131129401144526068e-27
8.431024706441272443e+00 1.514376395569485419e-26 2.134957869093696550e-27
8.601519528321922792e+00 1.627423260947842787e-26 2.150388053297437363e-27
8.775462149882951479e+00 1.742065008626478778e-26 2.176166107362805442e-27
8.952922293609205440e+00 1.855924993761022284e-26 2.210161198311567082e-27
9.133971091935466191e+00 1.973503741238558859e-26 2.250781186509958501e-27
9.318681115758884914e+00 1.975717326152990211e-26 2.297772827490703863e-27
9.507126403528005198e+00 1.522924502639381630e-26 2.352082716738645304e-27
9.699382490920086752e+00 1.598096580354325009e-26 2.416045418423369692e-27
9.895526441118494887e+00 2.045644563378697299e-26 2.490779925615673434e-27
1.009563687570241797e+01 2.531467352506995773e-26 2.576297803175406729e-27
1.029979400616126028e+01 2.700952180806060016e-26 2.671632373803679833e-27
1.050807966604626742e+01 2.815127167873044149e-26 2.775717825920239093e-27
1.072057734377237992e+01 2.928247958041439969e-26 2.887567558771743150e-27
1.093737221608342836e+01 3.013486984459705931e-26 3.006920242353465525e-27
1.115855118219401909e+01 3.134517195537362322e-26 3.134517195537362179e-27
1.138420289862189350e+01 3.218624110386227442e-26 3.271897674691768539e-27
1.161441781472466417e+01 3.312105792986436866e-26 3.420359462166463076e-27
1.184928820895516210e+01 3.397292402945360608e-26 3.581356593486770231e-27
1.208890822585000890e+01 3.514445820913340697e-26 3.755533428794883765e-27
1.233337391376612224e+01 3.549175766201590427e-26 3.942717210823731999e-27
1.258278326338034958e+01 3.543434701294966706e-26 4.142269947659478734e-27
1.283723624696773058e+01 3.666465449552942486e-26 4.353450615587980423e-27
1.309683485847392781e+01 3.643262157667589633e-26 4.575593905909172210e-27
1.336168315439812915e+01 3.152710196475912895e-26 4.808657404299272381e-27
1.363188729550263645e+01 2.793931204482056369e-26 5.053776712741440701e-27
1.390755558936591285e+01 2.615984054376254190e-26 5.312517759435153344e-27
1.418879853379622524e+01 2.171964911188877822e-26 5.586653857981802863e-27
1.447572886112309121e+01 2.103769217220896000e-26 5.878448696750344310e-27
1.476846158338450188e+01 2.278886760364709295e-26 6.189546085597180841e-27
1.506711403842792230e+01 2.533963669131062417e-26 6.521037210230167428e-27
