3.710161685477076698e+00 8.115210133921726614e-29 7.494321998635243423e-27
3.785189736958238793e+00 9.618164449856750001e-29 7.597636436620637375e-27
3.861735029192303159e+00 1.052226070386673520e-28 7.670468676078781133e-27
3.939828244296916804e+00 1.238995725864123664e-28 7.472455599925336905e-27
4.019500684853110961e+00 1.424870650751327223e-28 7.397193995038361394e-27
4.100784286452527461e+00 1.461914557508956177e-28 7.370512752168422285e-27
4.183711630498329725e+00 7.900099076385112133e-29 7.067505350777181958e-27
4.268315957265022220e+00 4.822320388578562208e-29 6.760826356459129347e-27
4.354631179222358206e+00 3.132713509995130644e-29 6.607384248628604999e-27
4.442691894628660876e+00 4.439331805453824091e-29 6.347010111451713361e-27
4.532533401399081896e+00 1.755552115187485872e-28 5.966266594202072407e-27
4.624191711254259651e+00 4.327014616009486317e-28 5.692691387495634585e-27
4.717703564155121931e+00 4.610582763410638117e-28 5.498591302578977083e-27
4.813106443029600889e+00 4.795963717294151143e-28 5.226409907782671844e-27
4.910438588797126691e+00 6.466526944547478398e-28 4.916835611585857699e-27
5.009739015696981212e+00 7.716264911549631135e-28 4.685535644116665377e-27
5.111047526926614459e+00 7.896887538036723715e-28 4.505952173626103842e-27
5.214404730596193360e+00 8.027399012452006955e-28 4.288858628919605324e-27
5.319852056005806240e+00 8.591162609756664792e-28 4.043533304121274040e-27
5.427431770251836873e+00 8.222180223949309162e-28 3.834670254101883543e-27
5.537186995169100179e+00 8.759783470488068852e-28 3.668685064685339436e-27
5.649161724615682445e+00 8.113321328757604325e-28 3.501631280973116897e-27
5.763400842107240685e+00 7.177372154136748065e-28 3.314318662840063261e-27
5.879950138807928717e+00 6.678336455291013012e-28 3.132687346463044755e-27
5.998856331885181525e+00 8.234337089321028804e-28 2.980076376138955539e-27
6.120167083235607208e+00 9.752740912561846220e-28 2.849379235965290878e-27
6.243931018589617743e+00 1.579094923460693930e-27 2.721048358503119326e-27
6.370197747002383615e+00 1.271751488340397979e-27 2.589774268643419969e-27
6.499017880738906960e+00 1.282986599674713597e-27 2.466904325088040382e-27
6.630443055561273447e+00 1.474268639205304773e-27 2.362726021809538407e-27
6.764525951426121786e+00 2.195601986096957098e-27 2.276059972290229918e-27
6.901320313600665557e+00 2.825620982553122489e-27 2.198630551881215918e-27
7.040880974205744991e+00 3.646395710764264571e-27 2.124929617750889258e-27
7.183263874194516063e+00 4.206379312978649898e-27 2.056525112305376522e-27
7.328526085775608045e+00 4.794169761574342103e-27 1.998523200818322060e-27
7.476725835289739663e+00 5.574541636926757339e-27 1.953810829061989750e-27
7.627922526548905680e+00 5.203785454503900700e-27 1.920924067408403974e-27
7.782176764647598333e+00 6.143391869838213561e-27 1.896327146543519955e-27
7.939550380255518292e+00 7.519818324025445707e-27 1.877223823345163786e-27
8.100106454401514000e+00 1.050838422698824363e-26 1.863671173115779615e-27
8.263909343758772508e+00 1.194866485474706969e-26 1.857496799117178686e-27
8.431024706441272443e+00 1.283225774104994906e-26 1.860821810648863541e-27
8.601519528321922792e+00 1.377374262188547720e-26 1.874260923445626365e-27
8.775462149882951479e+00 1.472262048441544446e-26 1.896719830103950976e-27
8.952922293609205440e+00 1.566815898586287880e-26 1.926342115508231650e-27
9.133971091935466191e+00 1.668319459901203643e-26 1.961741750054686869e-27
9.318681115758884914e+00 1.668129136640401629e-26 2.002704060632251832e-27
9.507126403528005198e+00 1.197604580810869246e-26 2.050036951072617109e-27
9.699382490920086752e+00 1.254462424099057123e-26 2.105784137314437299e-27
9.895526441118494887e+00 1.695909946822822460e-26 2.170928021921462580e-27
1.009563687570241797e+01 2.175016144800755375e-26 2.245471257275227713e-27
1.029979400616126028e+01 2.337997679435913150e-26 2.328571684922003295e-27
1.050807966604626742e+01 2.443652522317965808e-26 2.419299158218226277e-27
1.072057734377237992e+01 2.545217315281846717e-26 2.516793270577926956e-27
1.093737221608342836e+01 2.627962144225554918e-26 2.620832284058526184e-27
1.115855118219401909e+01 2.732050686348212868e-26 2.732050686348212797e-27
1.138420289862189350e+01 2.818092256880185311e-26 2.851806240085781622e-27
1.161441781472466417e+01 2.915891931165767435e-26 2.981221866876781249e-27
1.184928820895516210e+01 3.003167009264958630e-26 3.121562837564278713e-27
1.208890822585000890e+01 3.112571452775485174e-26 3.273387610199820587e-27
1.233337391376612224e+01 3.163174874820312640e-26 3.436560006988738015e-27
1.258278326338034958e+01 3.178374632867273177e-26 3.610515572210325242e-27
1.283723624696773058e+01 3.287565095506351782e-26 3.794592368907924306e-27
1.309683485847392781e+01 3.274268845657237125e-26 3.988234314741450488e-27
1.336168315439812915e+01 2.851531658228720654e-26 4.191416627863290712e-27
1.363188729550263645e+01 2.508704870695739481e-26 4.405087003224628965e-27
1.390755558936591285e+01 2.307897136895137345e-26 4.630616614930941810e-27
1.418879853379622524e+01 1.885419804499048302e-26 4.869581370165975000e-27
1.447572886112309121e+01 1.727650427920609718e-26 5.123900196547734215e-27
1.476846158338450188e+01 1.831851706741061286e-26 5.395051922027678449e-27
1.506711403842792230e+01 2.038214226584457169e-26 5.683988294323542196e-27
