3.710161685477076698e+00 1.655515521261550094e-28 9.765687936281605686e-27
3.785189736958238793e+00 1.937938751050166133e-28 9.900315174288203338e-27
3.861735029192303159e+00 2.115632865289970757e-28 9.995221636615618539e-27
3.939828244296916804e+00 2.465831382147746595e-28 9.737195731818720841e-27
4.019500684853110961e+00 2.778081513650520463e-28 9.639124535423530624e-27
4.100784286452527461e+00 2.785895880557011653e-28 9.604356906302679239e-27
4.183711630498329725e+00 1.446636717276191717e-28 9.209512508280737657e-27
4.268315957265022220e+00 8.266670851857382320e-29 8.809884856392547139e-27
4.354631179222358206e+00 5.272274413825828476e-29 8.609937412669659254e-27
4.442691894628660876e+00 7.240019015097153184e-29 8.270649899373273928e-27
4.532533401399081896e+00 2.982881271532621552e-28 7.774515124375288975e-27
4.624191711254259651e+00 7.445113912076538953e-28 7.418033083637359982e-27
4.717703564155121931e+00 7.723130341879313925e-28 7.165106090024889800e-27
4.813106443029600889e+00 7.714022905463819511e-28 6.810432122975811739e-27
4.910438588797126691e+00 1.006826279319935517e-27 6.407036085682997111e-27
5.009739015696981212e+00 1.154325221478627484e-27 6.105635821188971926e-27
5.111047526926614459e+00 1.097503774056288785e-27 5.871621694485099854e-27
5.214404730596193360e+00 1.057113817840897020e-27 5.588729737750926016e-27
5.319852056005806240e+00 1.071360195360938516e-27 5.269049916523344700e-27
5.427431770251836873e+00 9.754851899843054287e-28 4.996882311894832251e-27
5.537186995169100179e+00 1.018581671029481487e-27 4.780590394668907517e-27
5.649161724615682445e+00 9.167099719173477853e-28 4.562904457782046952e-27
5.763400842107240685e+00 8.119710788447056699e-28 4.318821041600358704e-27
5.879950138807928717e+00 7.609551482392430494e-28 4.082141366022118941e-27
5.998856331885181525e+00 9.329697141171208982e-28 3.883278568551805330e-27
6.120167083235607208e+00 1.105154559140577084e-27 3.712971535126028454e-27
6.243931018589617743e+00 1.807926617041835783e-27 3.545753179994086999e-27
6.370197747002383615e+00 1.454642972228136068e-27 3.374690087030970226e-27
6.499017880738906960e+00 1.452651724895245421e-27 3.214580349280633634e-27
6.630443055561273447e+00 1.657690010381224540e-27 3.078829160963743235e-27
6.764525951426121786e+00 2.452180447469738958e-27 2.965902183182674812e-27
6.901320313600665557e+00 3.159151349097086849e-27 2.865011760035763378e-27
7.040880974205744991e+00 4.088947862245010779e-27 2.768982429030746053e-27
7.183263874194516063e+00 4.740226438630981490e-27 2.679853569076915099e-27
7.328526085775608045e+00 5.601823804768780115e-27 2.604294460021890300e-27
7.476725835289739663e+00 6.930100252075847624e-27 2.546074794226404927e-27
7.627922526548905680e+00 6.473546496819789476e-27 2.503215123754791763e-27
7.782176764647598333e+00 8.107919251823742864e-27 2.471220193129891721e-27
7.939550380255518292e+00 9.944678556048175132e-27 2.446365048952015836e-27
8.100106454401514000e+00 1.433693665792511772e-26 2.428818715483639085e-27
8.263909343758772508e+00 1.637280931202290707e-26 2.420820587043221217e-27
8.431024706441272443e+00 1.770432452779089610e-26 2.425188017301629685e-27
8.601519528321922792e+00 1.900059490725664013e-26 2.442726441701801683e-27
8.775462149882951479e+00 2.027401774466785857e-26 2.472014758441329632e-27
8.952922293609205440e+00 2.152368349127802538e-26 2.510634368287933806e-27
9.133971091935466191e+00 2.285500134633322451e-26 2.556781451833783003e-27
9.318681115758884914e+00 2.251957217967686614e-26 2.610125601488738868e-27
9.507126403528005198e+00 1.593708811512264713e-26 2.671655298149125728e-27
9.699382490920086752e+00 1.661408074681545807e-26 2.744300513354266729e-27
9.895526441118494887e+00 2.235422044987367786e-26 2.829277647076415146e-27
1.009563687570241797e+01 2.887510958733278858e-26 2.926527271097184835e-27
1.029979400616126028e+01 3.095191275382963652e-26 3.034833489928536473e-27
1.050807966604626742e+01 3.220428415049320262e-26 3.153059691121907843e-27
1.072057734377237992e+01 3.346168251836211670e-26 3.280105407380693941e-27
1.093737221608342836e+01 3.428402198928844210e-26 3.415662731332045342e-27
1.115855118219401909e+01 3.560593184685446100e-26 3.560593184685445813e-27
1.138420289862189350e+01 3.641820315478498292e-26 3.716627350347650545e-27
1.161441781472466417e+01 3.740029277619414389e-26 3.885252954732288174e-27
1.184928820895516210e+01 3.833794980565668130e-26 4.068119074101622040e-27
1.208890822585000890e+01 3.965717310647420860e-26 4.265958761012799746e-27
1.233337391376612224e+01 3.974651703415125645e-26 4.478549910454077095e-27
1.258278326338034958e+01 3.927957607368414810e-26 4.705183106947924196e-27
1.283723624696773058e+01 4.067360902919565270e-26 4.945054891595291319e-27
1.309683485847392781e+01 4.024541859002961922e-26 5.197359969621128556e-27
1.336168315439812915e+01 3.381460620241878266e-26 5.462003822389557010e-27
1.363188729550263645e+01 2.948054924463600817e-26 5.740382667166459417e-27
1.390755558936591285e+01 2.712083699117036978e-26 6.034243416761247316e-27
1.418879853379622524e+01 2.185265205928418738e-26 6.345580732245515162e-27
1.447572886112309121e+01 2.054615426702255293e-26 6.676986625103454643e-27
1.476846158338450188e+01 2.217251836656035734e-26 7.030340259322625115e-27
1.506711403842792230e+01 2.457823251145801953e-26 7.406857395469275388e-27
