3.710161685477076698e+00 1.536380931606827317e-28 4.298863319956344879e-27
3.785189736958238793e+00 1.743474672287690922e-28 4.358126235294128280e-27
3.861735029192303159e+00 1.802246742891240005e-28 4.399903968986748885e-27
3.939828244296916804e+00 2.017688004094453716e-28 4.286320575412670078e-27
4.019500684853110961e+00 2.199352094101660202e-28 4.243149354547317704e-27
4.100784286452527461e+00 2.132662927442449571e-28 4.227844470304513807e-27
4.183711630498329725e+00 1.162937398395244357e-28 4.054034182095493742e-27
4.268315957265022220e+00 9.542957003351585318e-29 3.878118394949801831e-27
4.354631179222358206e+00 6.016790397594472878e-29 3.790101297939538950e-27
4.442691894628660876e+00 6.651866133065844731e-29 3.640746451932667998e-27
4.532533401399081896e+00 2.343357324325815131e-28 3.422346541944285378e-27
4.624191711254259651e+00 5.750064861289256479e-28 3.265420961143967781e-27
4.717703564155121931e+00 6.128131798602764855e-28 3.154082350085631381e-27
4.813106443029600889e+00 6.170067172970312845e-28 2.997954589041313879e-27
4.910438588797126691e+00 8.060423234264972427e-28 2.820378345966370607e-27
5.009739015696981212e+00 9.406842890493374062e-28 2.687701310354824471e-27
5.111047526926614459e+00 9.346839897106901622e-28 2.584689005088313650e-27
5.214404730596193360e+00 9.332500646494579046e-28 2.460160479520276788e-27
5.319852056005806240e+00 9.759850828633655657e-28 2.319437738849137657e-27
5.427431770251836873e+00 9.122799404370260700e-28 2.199630026992471869e-27
5.537186995169100179e+00 9.614746804803111533e-28 2.104418247753943194e-27
5.649161724615682445e+00 8.749616610294090270e-28 2.008593063348282557e-27
5.763400842107240685e+00 7.796199665925771636e-28 1.901147564239809091e-27
5.879950138807928717e+00 7.336402994301654134e-28 1.796961096433386497e-27
5.998856331885181525e+00 8.942475624799138405e-28 1.709421203808127450e-27
6.120167083235607208e+00 1.057250451820364252e-27 1.634451620953984685e-27
6.243931018589617743e+00 1.721200483254780749e-27 1.560840801998001903e-27
6.370197747002383615e+00 1.395118598114407360e-27 1.485539440696498576e-27
6.499017880738906960e+00 1.398474687731501203e-27 1.415059130366740890e-27
6.630443055561273447e+00 1.601456068115356006e-27 1.355301246975613725e-27
6.764525951426121786e+00 2.354623969402728568e-27 1.305589337463828732e-27
6.901320313600665557e+00 3.034790287224390090e-27 1.261176345948014838e-27
7.040880974205744991e+00 3.917133733647708313e-27 1.218902499601859543e-27
7.183263874194516063e+00 4.530225858220539152e-27 1.179666524011017116e-27
7.328526085775608045e+00 5.302065088088813630e-27 1.146402168639903962e-27
7.476725835289739663e+00 6.384182011751257949e-27 1.120765143763720074e-27
7.627922526548905680e+00 6.018619462998681325e-27 1.101901269250078703e-27
7.782176764647598333e+00 7.251689418332294681e-27 1.087802722694610588e-27
7.939550380255518292e+00 8.799510975988709373e-27 1.076851039691459817e-27
8.100106454401514000e+00 1.234451216998438333e-26 1.069096898784831919e-27
8.263909343758772508e+00 1.405579152981874161e-26 1.065564700572263034e-27
8.431024706441272443e+00 1.514376395569485419e-26 1.067478934546848275e-27
8.601519528321922792e+00 1.627423260947842787e-26 1.075194026648718681e-27
8.775462149882951479e+00 1.742065008626478778e-26 1.088083053681402721e-27
8.952922293609205440e+00 1.855924993761022284e-26 1.105080599155783541e-27
9.133971091935466191e+00 1.973503741238558859e-26 1.125390593254979250e-27
9.318681115758884914e+00 1.975717326152990211e-26 1.148886413745351932e-27
9.507126403528005198e+00 1.522924502639381630e-26 1.176041358369322652e-27
9.699382490920086752e+00 1.598096580354325009e-26 1.208022709211684846e-27
9.895526441118494887e+00 2.045644563378697299e-26 1.245389962807836717e-27
1.009563687570241797e+01 2.531467352506995773e-26 1.288148901587703365e-27
1.029979400616126028e+01 2.700952180806060016e-26 1.335816186901839917e-27
1.050807966604626742e+01 2.815127167873044149e-26 1.387858912960119547e-27
1.072057734377237992e+01 2.928247958041439969e-26 1.443783779385871575e-27
1.093737221608342836e+01 3.013486984459705931e-26 1.503460121176732763e-27
1.115855118219401909e+01 3.134517195537362322e-26 1.567258597768681089e-27
1.138420289862189350e+01 3.218624110386227442e-26 1.635948837345884270e-27
1.161441781472466417e+01 3.312105792986436866e-26 1.710179731083231538e-27
1.184928820895516210e+01 3.397292402945360608e-26 1.790678296743385116e-27
1.208890822585000890e+01 3.514445820913340697e-26 1.877766714397441883e-27
1.233337391376612224e+01 3.549175766201590427e-26 1.971358605411866000e-27
1.258278326338034958e+01 3.543434701294966706e-26 2.071134973829739367e-27
1.283723624696773058e+01 3.666465449552942486e-26 2.176725307793990211e-27
1.309683485847392781e+01 3.643262157667589633e-26 2.287796952954586105e-27
1.336168315439812915e+01 3.152710196475912895e-26 2.404328702149636190e-27
1.363188729550263645e+01 2.793931204482056369e-26 2.526888356370720350e-27
1.390755558936591285e+01 2.615984054376254190e-26 2.656258879717576672e-27
1.418879853379622524e+01 2.171964911188877822e-26 2.793326928990901432e-27
1.447572886112309121e+01 2.103769217220896000e-26 2.939224348375172155e-27
1.476846158338450188e+01 2.278886760364709295e-26 3.094773042798590421e-27
1.506711403842792230e+01 2.533963669131062417e-26 3.260518605115083714e-27
