1.000000000000000000e+03 9.111604594728983653e-01 1.189518176104409353e-02
9.250000000000000000e+02 9.116609071122212526e-01 1.264914332859170057e-02
8.500000000000000000e+02 9.099802534971132006e-01 1.261168325942982685e-02
7.000000000000000000e+02 9.048916070491718200e-01 1.308221439342074216e-02
6.000000000000000000e+02 9.017052348800169703e-01 1.436158297262940878e-02
5.000000000000000000e+02 8.994795995023441293e-01 1.469496371728692789e-02
4.000000000000000000e+02 8.959952964998184610e-01 1.524657297027099540e-02
3.000000000000000000e+02 8.888395442343614006e-01 1.555785432699482301e-02
2.500000000000000000e+02 8.821159758198935386e-01 1.535363557787984209e-02
2.000000000000000000e+02 8.712299623473966914e-01 1.474292284732977611e-02
1.500000000000000000e+02 8.526693987764887295e-01 1.363551205982845016e-02
1.000000000000000000e+02 8.171330301188410861e-01 1.194586651953252060e-02
7.000000000000000000e+01 7.751197626553228970e-01 1.052321694204377302e-02
5.000000000000000000e+01 7.251627219759156917e-01 9.231127469767785865e-03
3.000000000000000000e+01 6.327120919546167510e-01 7.420402261718584726e-03
2.000000000000000000e+01 5.522159956249543811e-01 6.197447362222695440e-03
1.500000000000000000e+01 4.961413107574104142e-01 5.469115488805772855e-03
1.000000000000000000e+01 4.240648332503313411e-01 4.621292588058776955e-03
7.000000000000000000e+00 3.706363367014540167e-01 4.006877338154264841e-03
5.000000000000000000e+00 3.300253580319998381e-01 3.527679925430056082e-03
3.000000000000000000e+00 2.859401348521847241e-01 2.995175299242439516e-03
2.000000000000000000e+00 2.638204353011850967e-01 2.717484801206274548e-03
1.500000000000000000e+00 2.536135296682298645e-01 2.577607472312054473e-03
1.000000000000000000e+00 2.450906041131951929e-01 2.433258887171965441e-03
