1.000000000000000000e+03 9.348281921444859810e-01 1.025226440898901852e-02
9.250000000000000000e+02 9.347005493605132775e-01 1.146450443343299298e-02
8.500000000000000000e+02 9.318386327217542675e-01 1.159373434039087658e-02
7.000000000000000000e+02 9.270584210726579011e-01 1.196119679854196725e-02
6.000000000000000000e+02 9.235425915325348178e-01 1.254170482421101615e-02
5.000000000000000000e+02 9.196318897223224598e-01 1.344181670623276377e-02
4.000000000000000000e+02 9.144985763956946512e-01 1.438326685009494975e-02
3.000000000000000000e+02 9.054559083560471677e-01 1.481293694422925952e-02
2.500000000000000000e+02 8.975097217762789681e-01 1.452244581644949670e-02
2.000000000000000000e+02 8.849287390389629637e-01 1.371797378839656294e-02
1.500000000000000000e+02 8.636726994059310547e-01 1.233212791895835908e-02
1.000000000000000000e+02 8.232292543305927968e-01 1.035045346755564082e-02
7.000000000000000000e+01 7.759996579009629247e-01 8.857275456051061022e-03
5.000000000000000000e+01 7.206862515301994954e-01 7.664125313336268321e-03
3.000000000000000000e+01 6.201760520016752487e-01 6.151544353114600169e-03
2.000000000000000000e+01 5.341050798876085803e-01 5.150620242700670176e-03
1.500000000000000000e+01 4.748028753464585416e-01 4.543175852429516721e-03
1.000000000000000000e+01 3.993400071380298622e-01 3.820786097485874035e-03
7.000000000000000000e+00 3.439921834222090524e-01 3.293126457345784894e-03
5.000000000000000000e+00 3.023174339640504749e-01 2.885476784019745927e-03
3.000000000000000000e+00 2.576066878541234395e-01 2.439834180610847558e-03
2.000000000000000000e+00 2.355391921886626772e-01 2.213406886793113128e-03
1.500000000000000000e+00 2.255535998432281197e-01 2.101623731981409893e-03
1.000000000000000000e+00 2.174900333455081491e-01 1.988609815072781960e-03
