1.000000000000000000e+03 9.408432967256460389e-01 1.463726109667448302e-02
9.250000000000000000e+02 9.385206509477654890e-01 1.548351709430811386e-02
8.500000000000000000e+02 9.349373559965544755e-01 1.518143941255239299e-02
7.000000000000000000e+02 9.292070205091330637e-01 1.444547502245106460e-02
6.000000000000000000e+02 9.252263159195567299e-01 1.436875097601818425e-02
5.000000000000000000e+02 9.204021772734903850e-01 1.473022667350145157e-02
4.000000000000000000e+02 9.137046581568777359e-01 1.520880689446880464e-02
3.000000000000000000e+02 9.023356432832748686e-01 1.536855775306242809e-02
2.500000000000000000e+02 8.930925968924303682e-01 1.506929101984043687e-02
2.000000000000000000e+02 8.793669333933080701e-01 1.449328289650291673e-02
1.500000000000000000e+02 8.575222571796877746e-01 1.395352940510339451e-02
1.000000000000000000e+02 8.177724107724860803e-01 1.392431460746509746e-02
7.000000000000000000e+01 7.719650108567535085e-01 1.365834275571577161e-02
5.000000000000000000e+01 7.181101337947454200e-01 1.262641916341666198e-02
3.000000000000000000e+01 6.194081050348611006e-01 1.022059557449133023e-02
2.000000000000000000e+01 5.342961605808240755e-01 8.363261834559397589e-03
1.500000000000000000e+01 4.754355633636052070e-01 7.257695465123414381e-03
1.000000000000000000e+01 4.002953291209572773e-01 5.989750429161092363e-03
7.000000000000000000e+00 3.450095388281989028e-01 5.085094453332494012e-03
5.000000000000000000e+00 3.032962611137642317e-01 4.391313488841275606e-03
3.000000000000000000e+00 2.584943592318325600e-01 3.636976248515989135e-03
2.000000000000000000e+00 2.363759028058163847e-01 3.258162498385599060e-03
1.500000000000000000e+00 2.263655717690174485e-01 3.073372590480357748e-03
1.000000000000000000e+00 2.182782510869063219e-01 2.891775288805715095e-03
