1.000000000000000000e+03 9.107683637053682890e-01 1.239060652421181824e-02
9.250000000000000000e+02 9.096855075954879410e-01 1.310164924768978875e-02
8.500000000000000000e+02 9.074917251529233120e-01 1.295584957984507492e-02
7.000000000000000000e+02 9.009829702850843391e-01 1.285407652002258476e-02
6.000000000000000000e+02 8.969847477174586192e-01 1.319565307518842483e-02
5.000000000000000000e+02 8.948552195234030782e-01 1.383634912876110200e-02
4.000000000000000000e+02 8.915565752778840114e-01 1.456363557862329176e-02
3.000000000000000000e+02 8.850037467816571635e-01 1.488776454246023596e-02
2.500000000000000000e+02 8.789695789189272412e-01 1.463297358646786957e-02
2.000000000000000000e+02 8.691908599132902591e-01 1.401919793119972731e-02
1.500000000000000000e+02 8.522222798969080193e-01 1.318510481148826678e-02
1.000000000000000000e+02 8.185667571559260836e-01 1.239594877964381170e-02
7.000000000000000000e+01 7.774114145246877605e-01 1.168354543797479189e-02
5.000000000000000000e+01 7.276350802460409550e-01 1.064640945442795784e-02
3.000000000000000000e+01 6.348753841867248449e-01 8.680772367888698465e-03
2.000000000000000000e+01 5.540213945523027039e-01 7.214836558580761151e-03
1.500000000000000000e+01 4.977043429047292022e-01 6.329143718586671685e-03
1.000000000000000000e+01 4.253023767188827131e-01 5.289598588755673944e-03
7.000000000000000000e+00 3.716050094828589057e-01 4.531336968544215707e-03
5.000000000000000000e+00 3.307738577219171416e-01 3.941713636912411167e-03
3.000000000000000000e+00 2.864464659806232327e-01 3.293576621772486245e-03
2.000000000000000000e+00 2.642024776937612063e-01 2.961585213309977840e-03
1.500000000000000000e+00 2.539363941379525480e-01 2.797071948695321018e-03
1.000000000000000000e+00 2.453581531105381297e-01 2.631572796648672802e-03
