1.000000000000000000e+03 8.815582061992455198e-01 1.046027034967876752e-02
9.250000000000000000e+02 8.803851269797761114e-01 1.104990120257948530e-02
8.500000000000000000e+02 8.798174837626048239e-01 1.103640515688432064e-02
7.000000000000000000e+02 8.745090778378259433e-01 1.155026684749295603e-02
6.000000000000000000e+02 8.704187739284074965e-01 1.221069214371239831e-02
5.000000000000000000e+02 8.700622481647962703e-01 1.298063965414598953e-02
4.000000000000000000e+02 8.691495334334421452e-01 1.381369452721642639e-02
3.000000000000000000e+02 8.659320516465613959e-01 1.416754883907849621e-02
2.500000000000000000e+02 8.620794616197688942e-01 1.389278717727501257e-02
2.000000000000000000e+02 8.548201826610025700e-01 1.319379639173225149e-02
1.500000000000000000e+02 8.404146813440855901e-01 1.208415295316135965e-02
1.000000000000000000e+02 8.082193040485151636e-01 1.068833562500285696e-02
7.000000000000000000e+01 7.659627755571851715e-01 9.676790204247432553e-03
5.000000000000000000e+01 7.134673512314163579e-01 8.744919317107691104e-03
3.000000000000000000e+01 6.149116867733064318e-01 7.297194871660350572e-03
2.000000000000000000e+01 5.292254432762646399e-01 6.207515004175667879e-03
1.500000000000000000e+01 4.697780561699945179e-01 5.505667216158019114e-03
1.000000000000000000e+01 3.936438841832365365e-01 4.624294448599095518e-03
7.000000000000000000e+00 3.373512193790559888e-01 3.946715297325265916e-03
5.000000000000000000e+00 2.945636727639643349e-01 3.408542188473991704e-03
3.000000000000000000e+00 2.478762309697704058e-01 2.814571347955333470e-03
2.000000000000000000e+00 2.240740687308573065e-01 2.509983772309755997e-03
1.500000000000000000e+00 2.128106014823499259e-01 2.360417263236120906e-03
1.000000000000000000e+00 2.029552823761753555e-01 2.211105118152742466e-03
