1.000000000000000000e+03 8.900841120926635819e-01 1.384404558039350509e-02
9.250000000000000000e+02 8.900044555829277337e-01 1.428199280841410158e-02
8.500000000000000000e+02 8.894854035219355026e-01 1.405840576825257912e-02
7.000000000000000000e+02 8.856048758058183701e-01 1.456532827297262432e-02
6.000000000000000000e+02 8.827747208094578468e-01 1.644022738785397980e-02
5.000000000000000000e+02 8.813595034625001379e-01 1.613266723851667153e-02
4.000000000000000000e+02 8.785037959556513121e-01 1.617969276095822945e-02
3.000000000000000000e+02 8.716466240418541123e-01 1.624565650104010592e-02
2.500000000000000000e+02 8.649630206160598966e-01 1.606225855304775629e-02
2.000000000000000000e+02 8.540737485192759770e-01 1.557928425338047686e-02
1.500000000000000000e+02 8.354833399409552497e-01 1.469925798906783487e-02
1.000000000000000000e+02 7.997013363658298513e-01 1.332409299260520555e-02
7.000000000000000000e+01 7.568905268303198763e-01 1.204238950194373367e-02
5.000000000000000000e+01 7.054126948918848505e-01 1.070156707370339966e-02
3.000000000000000000e+01 6.093228156251555561e-01 8.595177427412312859e-03
2.000000000000000000e+01 5.253770253406663260e-01 7.104832904917363426e-03
1.500000000000000000e+01 4.669014560786331480e-01 6.213123839936980294e-03
1.000000000000000000e+01 3.918047295734855551e-01 5.177585117849303406e-03
7.000000000000000000e+00 3.361685366490984594e-01 4.432105790546599956e-03
5.000000000000000000e+00 2.938317074905046344e-01 3.854851132381922549e-03
3.000000000000000000e+00 2.475915176542537732e-01 3.218837481983751522e-03
2.000000000000000000e+00 2.240139783479666857e-01 2.891904034237278640e-03
1.500000000000000000e+00 2.128565992762448678e-01 2.729563988065835702e-03
1.000000000000000000e+00 2.030989358718923998e-01 2.566118345107357233e-03
