1.000000000000000000e+03 2.850589915736131843e+02 1.736685347819354464e+00
9.250000000000000000e+02 2.829220783357492905e+02 2.604348708450909822e+00
8.500000000000000000e+02 2.800005989428708517e+02 2.777071258306389012e+00
7.000000000000000000e+02 2.711716472997117648e+02 2.816938026911767423e+00
6.000000000000000000e+02 2.634984930451452101e+02 2.934378266036441918e+00
5.000000000000000000e+02 2.551335098162886652e+02 2.830412754001423004e+00
4.000000000000000000e+02 2.441789609240890400e+02 2.694175289635547088e+00
3.000000000000000000e+02 2.301603793936507145e+02 2.200483136700893461e+00
2.500000000000000000e+02 2.229059967436402303e+02 2.770653306054193354e+00
2.000000000000000000e+02 2.173434588630666724e+02 3.416399289972613218e+00
1.500000000000000000e+02 2.118935851859437776e+02 2.689584340008273511e+00
1.000000000000000000e+02 2.069368889088021319e+02 2.310476768990559648e+00
7.000000000000000000e+01 2.083824962114007917e+02 2.033250026094990837e+00
5.000000000000000000e+01 2.106715453295549878e+02 1.953923564454780992e+00
3.000000000000000000e+01 2.138266939644265108e+02 2.098168263828082303e+00
2.000000000000000000e+01 2.167587189126249427e+02 2.487326460926775784e+00
1.500000000000000000e+01 2.191562661534464382e+02 2.919421814069942833e+00
1.000000000000000000e+01 2.233587326890107079e+02 3.762243257863643553e+00
7.000000000000000000e+00 2.283031553575608541e+02 4.683006739806067742e+00
5.000000000000000000e+00 2.343354606370400575e+02 5.595279312513943282e+00
3.000000000000000000e+00 2.454537500748440380e+02 6.642616539775227480e+00
2.000000000000000000e+00 2.539894039903869043e+02 7.165576144472409759e+00
1.500000000000000000e+00 2.587947414327603610e+02 6.220860784056107207e+00
1.000000000000000000e+00 2.636762568944581062e+02 3.667950915738633633e+00
