1.000000000000000000e+03 2.849911265935853066e+02 1.310216835052089301e+00
9.250000000000000000e+02 2.811589595917405404e+02 1.986127234293003863e+00
8.500000000000000000e+02 2.783080981821751720e+02 2.317953536967953809e+00
7.000000000000000000e+02 2.696849405624953420e+02 2.549090823540328898e+00
6.000000000000000000e+02 2.622168836805555543e+02 2.763059602418095118e+00
5.000000000000000000e+02 2.541411503092447788e+02 2.839423950570690192e+00
4.000000000000000000e+02 2.434392801920572822e+02 2.816162146555207801e+00
3.000000000000000000e+02 2.308045300292968705e+02 2.379899769488114991e+00
2.500000000000000000e+02 2.267285983615451528e+02 2.983844588469601433e+00
2.000000000000000000e+02 2.232045166015624886e+02 3.030286585480508332e+00
1.500000000000000000e+02 2.189577460394965271e+02 2.411307737407541119e+00
1.000000000000000000e+02 2.150801696777343750e+02 2.014907815023257331e+00
7.000000000000000000e+01 2.167214664713541765e+02 1.538698227466177793e+00
5.000000000000000000e+01 2.204422614203558908e+02 1.146713796648419992e+00
3.000000000000000000e+01 2.251382416449652908e+02 1.014401286096614951e+00
2.000000000000000000e+01 2.292293421766493111e+02 1.018072231846279596e+00
1.500000000000000000e+01 2.323221233452690910e+02 1.060115304292217342e+00
1.000000000000000000e+01 2.369622077094184078e+02 1.213090278818216960e+00
7.000000000000000000e+00 2.419325614420572776e+02 1.359414872599304713e+00
5.000000000000000000e+00 2.479919455295138846e+02 1.559607591527846449e+00
3.000000000000000000e+00 2.596137820095486290e+02 1.956984998909849560e+00
2.000000000000000000e+00 2.684076778157552212e+02 2.310951948747623330e+00
1.500000000000000000e+00 2.730189450412326551e+02 2.069004174093628468e+00
1.000000000000000000e+00 2.764606911892361154e+02 1.242318349113815001e+00
