1.000000000000000000e+03 2.804917883604334179e+02 2.376811069009901800e+00
9.250000000000000000e+02 2.775720485834259534e+02 2.877526958079330122e+00
8.500000000000000000e+02 2.750326628281655417e+02 3.111566120664887691e+00
7.000000000000000000e+02 2.675595141853593759e+02 3.246752458138550512e+00
6.000000000000000000e+02 2.605666665415826060e+02 3.332269330332030766e+00
5.000000000000000000e+02 2.523490146922601980e+02 3.276779184678294765e+00
4.000000000000000000e+02 2.417221196448910518e+02 2.967536445848070858e+00
3.000000000000000000e+02 2.292428021654247345e+02 2.398316572749007225e+00
2.500000000000000000e+02 2.241669051801025603e+02 3.095884032697667099e+00
2.000000000000000000e+02 2.198152157317188085e+02 3.536636481000950294e+00
1.500000000000000000e+02 2.147489281891288329e+02 2.936099132105479015e+00
1.000000000000000000e+02 2.090975983555846938e+02 3.020980892306510235e+00
7.000000000000000000e+01 2.096485976547598966e+02 3.499350261434320597e+00
5.000000000000000000e+01 2.130239605952493207e+02 3.998067796607054358e+00
3.000000000000000000e+01 2.170990836351479061e+02 5.092774073063104368e+00
2.000000000000000000e+01 2.207712144511065731e+02 6.109076162860458403e+00
1.500000000000000000e+01 2.236787595692017021e+02 6.829796991837874920e+00
1.000000000000000000e+01 2.282268026088672741e+02 7.847832656528758832e+00
7.000000000000000000e+00 2.332484093549106206e+02 8.475897088555612413e+00
5.000000000000000000e+00 2.391846914494631164e+02 8.651484209966703531e+00
3.000000000000000000e+00 2.499964633973293928e+02 8.213533797246254764e+00
2.000000000000000000e+00 2.579560148775754556e+02 7.863227437901573857e+00
1.500000000000000000e+00 2.623919088074992487e+02 6.644359803082846128e+00
1.000000000000000000e+00 2.662583438636545452e+02 3.856404158480643218e+00
