1.000000000000000000e+03 2.871510523277583502e+02 1.436029421920882898e+00
9.250000000000000000e+02 2.871515110398927391e+02 2.709075879204664972e+00
8.500000000000000000e+02 2.843128730179939225e+02 2.770686391697032125e+00
7.000000000000000000e+02 2.760940211478976494e+02 2.385842350997100958e+00
6.000000000000000000e+02 2.691033990063053238e+02 2.364117720438689396e+00
5.000000000000000000e+02 2.603880790201823174e+02 2.448055888315721962e+00
4.000000000000000000e+02 2.492305011664496419e+02 2.524799280541263347e+00
3.000000000000000000e+02 2.347842536078559021e+02 2.182314989637535341e+00
2.500000000000000000e+02 2.277742640516493111e+02 3.085563946784149802e+00
2.000000000000000000e+02 2.233212627495659603e+02 3.396915946997525193e+00
1.500000000000000000e+02 2.184005680338541708e+02 2.266376290321853393e+00
1.000000000000000000e+02 2.144972292751736234e+02 1.796556623439703460e+00
7.000000000000000000e+01 2.165901531304253353e+02 1.264508209479492606e+00
5.000000000000000000e+01 2.197001242404514016e+02 9.128315562751619927e-01
3.000000000000000000e+01 2.238558139377170164e+02 7.584068105325313391e-01
2.000000000000000000e+01 2.274486423068576357e+02 7.926071680783954854e-01
1.500000000000000000e+01 2.303108890787760288e+02 8.441883894092077067e-01
1.000000000000000000e+01 2.347948390028211918e+02 1.006042239787442005e+00
7.000000000000000000e+00 2.394654344346788264e+02 1.211474539073553736e+00
5.000000000000000000e+00 2.450704960123698015e+02 1.439929268801164008e+00
3.000000000000000000e+00 2.555138145616319321e+02 1.824068910161494195e+00
2.000000000000000000e+00 2.632497911241319457e+02 2.247372095742221632e+00
1.500000000000000000e+00 2.678128978135850957e+02 2.054246480241074924e+00
1.000000000000000000e+00 2.719965508355034558e+02 1.257052955205598455e+00
