1.000000000000000000e+03 2.789089969904713371e+02 2.152778818086486190e+00
9.250000000000000000e+02 2.746254718341021430e+02 2.790079465116688695e+00
8.500000000000000000e+02 2.717630541646786924e+02 3.092408160337580814e+00
7.000000000000000000e+02 2.626563285752627621e+02 3.472650251142372468e+00
6.000000000000000000e+02 2.547855668913930742e+02 3.696019919644522034e+00
5.000000000000000000e+02 2.466058416069878376e+02 3.455510441235845942e+00
4.000000000000000000e+02 2.357760399034288241e+02 3.142569644638093074e+00
3.000000000000000000e+02 2.225252434624565865e+02 2.458899662469860470e+00
2.500000000000000000e+02 2.157893882921006821e+02 2.765713518693317052e+00
2.000000000000000000e+02 2.107873042805989598e+02 3.824718734844730683e+00
1.500000000000000000e+02 2.069572220865885299e+02 3.323245359246071118e+00
1.000000000000000000e+02 2.021050979275173631e+02 2.923835065957025137e+00
7.000000000000000000e+01 2.017101513671875068e+02 2.751509205402356439e+00
5.000000000000000000e+01 2.024009952799479208e+02 2.764252036083306940e+00
3.000000000000000000e+01 2.036741159396701448e+02 3.039133331641442837e+00
2.000000000000000000e+01 2.053945100911458326e+02 3.622444851011398459e+00
1.500000000000000000e+01 2.070890687391492975e+02 4.268877224587829033e+00
1.000000000000000000e+01 2.108947960069444321e+02 5.519508670977579357e+00
7.000000000000000000e+00 2.162105019802517347e+02 6.876909637954092602e+00
5.000000000000000000e+00 2.228901513671875136e+02 8.220463385477490448e+00
3.000000000000000000e+00 2.351433403862847342e+02 9.747692120840980579e+00
2.000000000000000000e+00 2.449184063042534660e+02 1.045577512152847000e+01
1.500000000000000000e+00 2.499518508572048745e+02 9.056326857501698413e+00
1.000000000000000000e+00 2.553923074001736211e+02 5.332000934792564095e+00
