1.000000000000000000e+03 2.715289602983169743e+02 3.307597570516080054e+00
9.250000000000000000e+02 2.700323511641207119e+02 3.817926301306710624e+00
8.500000000000000000e+02 2.681170090892087501e+02 4.041519898227336149e+00
7.000000000000000000e+02 2.616198674184449828e+02 4.140574323971855542e+00
6.000000000000000000e+02 2.550401952730305482e+02 4.151906593942426227e+00
5.000000000000000000e+02 2.466109629991319423e+02 3.999614753516273158e+00
4.000000000000000000e+02 2.360654663085937557e+02 3.433426106150113011e+00
3.000000000000000000e+02 2.244338422309027692e+02 2.675951045580656551e+00
2.500000000000000000e+02 2.196775337727864610e+02 3.541639233370728057e+00
2.000000000000000000e+02 2.164457963053385470e+02 4.341801148313027880e+00
1.500000000000000000e+02 2.128976079644097297e+02 3.668979106484914876e+00
1.000000000000000000e+02 2.074442742241753592e+02 4.022732889148310065e+00
7.000000000000000000e+01 2.058911655002170278e+02 4.990678678736260032e+00
5.000000000000000000e+01 2.074739811197916595e+02 5.873104937689650029e+00
3.000000000000000000e+01 2.100908232964409592e+02 7.548590504351948560e+00
2.000000000000000000e+01 2.131609307183159672e+02 9.082844486147804375e+00
1.500000000000000000e+01 2.158969254557291606e+02 1.016461983697821658e+01
1.000000000000000000e+01 2.205199220106336782e+02 1.167699994565901278e+01
7.000000000000000000e+00 2.257585211859808965e+02 1.260437721620938767e+01
5.000000000000000000e+00 2.316279467773437375e+02 1.284643960298103060e+01
3.000000000000000000e+00 2.412097680664062409e+02 1.211366072277560946e+01
2.000000000000000000e+00 2.479470231119791777e+02 1.148545809006643559e+01
1.500000000000000000e+00 2.521730828179253479e+02 9.672548445874449285e+00
1.000000000000000000e+00 2.564394325086805679e+02 5.601935324150608686e+00
