6.266836452195098772e+00 2.188125244841288828e-27 3.517140368849805282e-27
6.329907990852620792e+00 2.006504683941243701e-27 3.431356099952470613e-27
6.393614302576105857e+00 1.287569444631787316e-27 3.346753480535343282e-27
6.457961775934053961e+00 1.477336831022407653e-27 3.265889938063842239e-27
6.522956863791657511e+00 1.505447251888077236e-27 3.190659484567254784e-27
6.588606083957897042e+00 1.594672520992483197e-27 3.122034352583765902e-27
6.654916019839175689e+00 1.674790440641255446e-27 3.059855359572755831e-27
6.721893321099498664e+00 2.637189094553270113e-27 3.003149903492456520e-27
6.789544704327308722e+00 2.773071644896634903e-27 2.950299984716125384e-27
6.857876953709047818e+00 2.633473672847876190e-27 2.899868255651412730e-27
6.926896921709476018e+00 4.010495561419879429e-27 2.850935098047606143e-27
6.996611529758846260e+00 3.874598340654643108e-27 2.802874077638778022e-27
7.067027768947006017e+00 4.523115771814159540e-27 2.756114055207548948e-27
7.138152700724472943e+00 4.405047667533514490e-27 2.711273146065405295e-27
7.209993457610560874e+00 5.765258802150275492e-27 2.669452909099975741e-27
7.282557243908652111e+00 5.605722328976440064e-27 2.631264977802412086e-27
7.355851336428639975e+00 5.975763098077041480e-27 2.597415389695476816e-27
7.429883085216668626e+00 6.376408016045416203e-27 2.568025262262609094e-27
7.504659914292203027e+00 7.395337963773721179e-27 2.542922544242463052e-27
7.580189322392528517e+00 7.607591425243412708e-27 2.521490327904894027e-27
7.656478883724727069e+00 5.862120738378084359e-27 2.502985097103243186e-27
7.733536248725243034e+00 7.274072217806685374e-27 2.487171177952212277e-27
7.811369144827072120e+00 8.776093187563885185e-27 2.473301307958596635e-27
7.889985377234665975e+00 8.065284520230793293e-27 2.460914042081237094e-27
7.969392829706678505e+00 1.151085150711160068e-26 2.450502413607962820e-27
8.049599465346544136e+00 1.329782766410011017e-26 2.441802063628494327e-27
8.130613327401031043e+00 1.577752728739064511e-26 2.435356700555283362e-27
8.212442540066838603e+00 1.587518613719083823e-26 2.431327387814430892e-27
8.295095309305308362e+00 1.787892234573896673e-26 2.430432602646128140e-27
8.378579923665309792e+00 1.805621553579746426e-26 2.432636701515319231e-27
8.462904755114436739e+00 1.840984848821966135e-26 2.438217817696840231e-27
8.548078259878579388e+00 1.852524298510074127e-26 2.447101993071507361e-27
8.634108979289907282e+00 2.013815505585778950e-26 2.459248424552941788e-27
8.721005540643410825e+00 2.050152958533415794e-26 2.474160397084573211e-27
8.808776658062068776e+00 2.089622896611126714e-26 2.491617321439717128e-27
8.897431133370709233e+00 2.192370937757967080e-26 2.511354264789057087e-27
8.986977856978677792e+00 2.261618542377561031e-26 2.533043727838927815e-27
9.077425808771357296e+00 2.292343235184799156e-26 2.556528968158941725e-27
9.168784059010707921e+00 2.378441735061940085e-26 2.581845447642824059e-27
9.261061769244845365e+00 2.418412221363070170e-26 2.608990893006507013e-27
9.354268193226760175e+00 2.292641176979688530e-26 2.638045632782875579e-27
9.448412677842322083e+00 1.518678807620055078e-26 2.668882282559457872e-27
9.543504664047580022e+00 1.726840134619769017e-26 2.702981354416467942e-27
9.639553687815530125e+00 1.584534617844206861e-26 2.739580098924007418e-27
9.736569381092376574e+00 1.806454647721918004e-26 2.779399922734515703e-27
9.834561472763468259e+00 2.045761368740273344e-26 2.822306080531712063e-27
9.933539789628898831e+00 2.467137568120718174e-26 2.868458983056342675e-27
1.003351425738896729e+01 2.830627530655250220e-26 2.917647980684679740e-27
1.013449490163955069e+01 3.036786627909180577e-26 2.969697961640547037e-27
1.023649184887746877e+01 3.091832935373155825e-26 3.024458623853618556e-27
1.033951532751600055e+01 3.185267623968497704e-26 3.081877803646278508e-27
1.044357566891059541e+01 3.252516780785593124e-26 3.141726027146503944e-27
1.054868330839490831e+01 3.280737903345770255e-26 3.203836697151920264e-27
1.065484878632729249e+01 3.374906797903691306e-26 3.268169877627907662e-27
1.076208274914780105e+01 3.403147190088525227e-26 3.334592527480950955e-27
1.087039595044581120e+01 3.441482414183874834e-26 3.403181443188277137e-27
1.097979925203842733e+01 3.489589485310678516e-26 3.474033450727580904e-27
1.109030362505972001e+01 3.596733782302190717e-26 3.547338336201202499e-27
1.120192015106091610e+01 3.623214306316359906e-26 3.623214306316360193e-27
1.131466002312166985e+01 3.640570033611027624e-26 3.702137547787768601e-27
1.142853454697254456e+01 3.702553245245504982e-26 3.783983500297549599e-27
1.154355514212876521e+01 3.777662728696057556e-26 3.869158084333078670e-27
1.165973334303537889e+01 3.800897944337980503e-26 3.957818015484528930e-27
1.177708080022393311e+01 3.768345922206751023e-26 4.050112684291539722e-27
1.189560928148084074e+01 3.892749984663580047e-26 4.146261708630574238e-27
1.201533067302744051e+01 3.984620852338226943e-26 4.246196014389238892e-27
1.213625698071197334e+01 3.981463336800184834e-26 4.349868337210391511e-27
1.225840033121355965e+01 4.001135509451727054e-26 4.457284536620787307e-27
1.238177297325828619e+01 4.007362878575858455e-26 4.568327713250315735e-27
1.250638727884750523e+01 3.833627383449750556e-26 4.682790836293580382e-27
1.263225574449854705e+01 3.965207035945951414e-26 4.800808720530129963e-27
1.275939099249784547e+01 4.075059866908546404e-26 4.922092458641004730e-27
1.288780577216676448e+01 4.045428504506403303e-26 5.046496443719484185e-27
1.301751296114010437e+01 4.069542269636754346e-26 5.174076002217408033e-27
1.314852556665747763e+01 3.966889651648265451e-26 5.304745517551793305e-27
1.328085672686771979e+01 3.563026931290831112e-26 5.438483685425019702e-27
1.341451971214639904e+01 3.234256317794897535e-26 5.575599071662170655e-27
1.354952792642657577e+01 2.775690139941916580e-26 5.716166647973540319e-27
1.368589490854296464e+01 2.833304017017230696e-26 5.860716789477163912e-27
1.382363433358965210e+01 2.754653053459451689e-26 6.009195100910620880e-27
1.396276001429144920e+01 2.413222213637362113e-26 6.161830788953635664e-27
1.410328590238903956e+01 2.182625738956107375e-26 6.319094919731980788e-27
1.424522609003810736e+01 1.804520537135412637e-26 6.481163662017648805e-27
1.438859481122250550e+01 1.667372381196974386e-26 6.648490667422478883e-27
1.453340644318165609e+01 1.697081686608743808e-26 6.821291628347045195e-27
1.467967550785232866e+01 1.795358076516275986e-26 6.999737434392065616e-27
1.482741667332491708e+01 1.858835996973870712e-26 7.183955936243331752e-27
1.497664475531439621e+01 2.179980244669738827e-26 7.374196967443415585e-27
1.512737471864604011e+01 1.919958000988621863e-26 7.570184093082860268e-27
1.527962167875614341e+01 1.875520775656442997e-26 7.772284634001490460e-27
