3.798363644187992882e+00 2.137713054002150838e-28 4.207625083505903781e-27
3.836591646665353128e+00 2.271659903094727726e-28 4.237561140174880177e-27
3.875204388549021495e+00 2.040337674720805965e-28 4.218081591026870594e-27
3.914205741985100406e+00 2.190068828222694839e-28 4.160559220465344693e-27
3.953599618090267942e+00 2.450754075565534524e-28 4.104579996430769267e-27
3.993389967343984548e+00 2.542441753484494997e-28 4.079536690851969952e-27
4.033580779984657028e+00 2.445194779529088231e-28 4.082850967492452706e-27
4.074176086409786457e+00 2.391868593425178292e-28 4.083592543978433886e-27
4.115179957580148873e+00 2.321582266047154301e-28 4.046887614649670228e-27
4.156596505428027832e+00 2.058746321010196296e-28 3.964745266198378023e-27
4.198429883269572116e+00 6.109278843720232854e-29 3.862122427787033472e-27
4.240684286221285682e+00 9.203295021659464937e-29 3.772092565976210765e-27
4.283363951620734689e+00 1.102894629265913627e-28 3.710741064131670589e-27
4.326473159451468931e+00 8.164665381335207371e-29 3.670329897009101643e-27
4.370016232772217180e+00 5.348102563098564219e-29 3.627402085244392491e-27
4.413997538150425726e+00 4.607626545119600524e-29 3.560076907617966714e-27
4.458421486100134778e+00 7.651485683617029578e-29 3.464653101174102877e-27
4.503292531524275333e+00 1.701531318171115230e-28 3.356905030356072521e-27
4.548615174161405150e+00 2.635611554701438705e-28 3.257862810277679341e-27
