3.798363644187992882e+00 1.148184723359164072e-28 3.770429386385471176e-27
3.836591646665353128e+00 1.251315370663087476e-28 3.797254868787793442e-27
3.875204388549021495e+00 1.192114361941555893e-28 3.779799524217979853e-27
3.914205741985100406e+00 1.316732552381617110e-28 3.728253995039613391e-27
3.953599618090267942e+00 1.512476345071330744e-28 3.678091223321804606e-27
3.993389967343984548e+00 1.628573065635216870e-28 3.655650059249630797e-27
4.033580779984657028e+00 1.634615143745442671e-28 3.658620062998377814e-27
4.074176086409786457e+00 1.656946162729947623e-28 3.659284654427525955e-27
4.115179957580148873e+00 1.658008717690076323e-28 3.626393633904354142e-27
4.156596505428027832e+00 1.510336634510831669e-28 3.552786447724972266e-27
4.198429883269572116e+00 3.623985197493893611e-29 3.460827046420770333e-27
4.240684286221285682e+00 3.796613757802000778e-29 3.380151380709966778e-27
4.283363951620734689e+00 4.641882112724026781e-29 3.325174482234527590e-27
4.326473159451468931e+00 3.430997155765307803e-29 3.288962455123655568e-27
4.370016232772217180e+00 2.402947533719563685e-29 3.250495305146143483e-27
4.413997538150425726e+00 2.313196665874120718e-29 3.190165655911398494e-27
4.458421486100134778e+00 5.169110359984856970e-29 3.104656858622012996e-27
4.503292531524275333e+00 1.297434580829648480e-28 3.008104153660439232e-27
4.548615174161405150e+00 2.074951851344019043e-28 2.919352707539132697e-27
