6.266836452195098772e+00 2.188125244841288828e-27 1.758570184424902641e-27
6.329907990852620792e+00 2.006504683941243701e-27 1.715678049976235306e-27
6.393614302576105857e+00 1.287569444631787316e-27 1.673376740267671641e-27
6.457961775934053961e+00 1.477336831022407653e-27 1.632944969031921119e-27
6.522956863791657511e+00 1.505447251888077236e-27 1.595329742283627392e-27
6.588606083957897042e+00 1.594672520992483197e-27 1.561017176291882951e-27
6.654916019839175689e+00 1.674790440641255446e-27 1.529927679786377916e-27
6.721893321099498664e+00 2.637189094553270113e-27 1.501574951746228260e-27
6.789544704327308722e+00 2.773071644896634903e-27 1.475149992358062692e-27
6.857876953709047818e+00 2.633473672847876190e-27 1.449934127825706365e-27
6.926896921709476018e+00 4.010495561419879429e-27 1.425467549023803071e-27
6.996611529758846260e+00 3.874598340654643108e-27 1.401437038819389011e-27
7.067027768947006017e+00 4.523115771814159540e-27 1.378057027603774474e-27
7.138152700724472943e+00 4.405047667533514490e-27 1.355636573032702647e-27
7.209993457610560874e+00 5.765258802150275492e-27 1.334726454549987871e-27
7.282557243908652111e+00 5.605722328976440064e-27 1.315632488901206043e-27
7.355851336428639975e+00 5.975763098077041480e-27 1.298707694847738408e-27
7.429883085216668626e+00 6.376408016045416203e-27 1.284012631131304547e-27
7.504659914292203027e+00 7.395337963773721179e-27 1.271461272121231526e-27
7.580189322392528517e+00 7.607591425243412708e-27 1.260745163952447014e-27
7.656478883724727069e+00 5.862120738378084359e-27 1.251492548551621593e-27
7.733536248725243034e+00 7.274072217806685374e-27 1.243585588976106139e-27
7.811369144827072120e+00 8.776093187563885185e-27 1.236650653979298317e-27
7.889985377234665975e+00 8.065284520230793293e-27 1.230457021040618547e-27
7.969392829706678505e+00 1.151085150711160068e-26 1.225251206803981410e-27
8.049599465346544136e+00 1.329782766410011017e-26 1.220901031814247163e-27
8.130613327401031043e+00 1.577752728739064511e-26 1.217678350277641681e-27
8.212442540066838603e+00 1.587518613719083823e-26 1.215663693907215446e-27
8.295095309305308362e+00 1.787892234573896673e-26 1.215216301323064070e-27
8.378579923665309792e+00 1.805621553579746426e-26 1.216318350757659616e-27
8.462904755114436739e+00 1.840984848821966135e-26 1.219108908848420116e-27
8.548078259878579388e+00 1.852524298510074127e-26 1.223550996535753681e-27
8.634108979289907282e+00 2.013815505585778950e-26 1.229624212276470894e-27
8.721005540643410825e+00 2.050152958533415794e-26 1.237080198542286606e-27
8.808776658062068776e+00 2.089622896611126714e-26 1.245808660719858564e-27
8.897431133370709233e+00 2.192370937757967080e-26 1.255677132394528543e-27
8.986977856978677792e+00 2.261618542377561031e-26 1.266521863919463907e-27
9.077425808771357296e+00 2.292343235184799156e-26 1.278264484079470862e-27
9.168784059010707921e+00 2.378441735061940085e-26 1.290922723821412030e-27
9.261061769244845365e+00 2.418412221363070170e-26 1.304495446503253507e-27
9.354268193226760175e+00 2.292641176979688530e-26 1.319022816391437789e-27
9.448412677842322083e+00 1.518678807620055078e-26 1.334441141279728936e-27
9.543504664047580022e+00 1.726840134619769017e-26 1.351490677208233971e-27
9.639553687815530125e+00 1.584534617844206861e-26 1.369790049462003709e-27
9.736569381092376574e+00 1.806454647721918004e-26 1.389699961367257851e-27
9.834561472763468259e+00 2.045761368740273344e-26 1.411153040265856032e-27
9.933539789628898831e+00 2.467137568120718174e-26 1.434229491528171338e-27
1.003351425738896729e+01 2.830627530655250220e-26 1.458823990342339870e-27
1.013449490163955069e+01 3.036786627909180577e-26 1.484848980820273519e-27
1.023649184887746877e+01 3.091832935373155825e-26 1.512229311926809278e-27
1.033951532751600055e+01 3.185267623968497704e-26 1.540938901823139254e-27
1.044357566891059541e+01 3.252516780785593124e-26 1.570863013573251972e-27
1.054868330839490831e+01 3.280737903345770255e-26 1.601918348575960132e-27
1.065484878632729249e+01 3.374906797903691306e-26 1.634084938813953831e-27
1.076208274914780105e+01 3.403147190088525227e-26 1.667296263740475477e-27
1.087039595044581120e+01 3.441482414183874834e-26 1.701590721594138568e-27
1.097979925203842733e+01 3.489589485310678516e-26 1.737016725363790452e-27
1.109030362505972001e+01 3.596733782302190717e-26 1.773669168100601249e-27
1.120192015106091610e+01 3.623214306316359906e-26 1.811607153158180096e-27
1.131466002312166985e+01 3.640570033611027624e-26 1.851068773893884300e-27
1.142853454697254456e+01 3.702553245245504982e-26 1.891991750148774799e-27
1.154355514212876521e+01 3.777662728696057556e-26 1.934579042166539335e-27
1.165973334303537889e+01 3.800897944337980503e-26 1.978909007742264465e-27
1.177708080022393311e+01 3.768345922206751023e-26 2.025056342145769861e-27
1.189560928148084074e+01 3.892749984663580047e-26 2.073130854315287119e-27
1.201533067302744051e+01 3.984620852338226943e-26 2.123098007194619446e-27
1.213625698071197334e+01 3.981463336800184834e-26 2.174934168605195755e-27
1.225840033121355965e+01 4.001135509451727054e-26 2.228642268310393653e-27
1.238177297325828619e+01 4.007362878575858455e-26 2.284163856625157867e-27
1.250638727884750523e+01 3.833627383449750556e-26 2.341395418146790191e-27
1.263225574449854705e+01 3.965207035945951414e-26 2.400404360265064982e-27
1.275939099249784547e+01 4.075059866908546404e-26 2.461046229320502365e-27
1.288780577216676448e+01 4.045428504506403303e-26 2.523248221859742093e-27
1.301751296114010437e+01 4.069542269636754346e-26 2.587038001108704016e-27
1.314852556665747763e+01 3.966889651648265451e-26 2.652372758775896653e-27
1.328085672686771979e+01 3.563026931290831112e-26 2.719241842712509851e-27
1.341451971214639904e+01 3.234256317794897535e-26 2.787799535831085327e-27
1.354952792642657577e+01 2.775690139941916580e-26 2.858083323986770159e-27
1.368589490854296464e+01 2.833304017017230696e-26 2.930358394738581956e-27
1.382363433358965210e+01 2.754653053459451689e-26 3.004597550455310440e-27
1.396276001429144920e+01 2.413222213637362113e-26 3.080915394476817832e-27
1.410328590238903956e+01 2.182625738956107375e-26 3.159547459865990394e-27
1.424522609003810736e+01 1.804520537135412637e-26 3.240581831008824402e-27
1.438859481122250550e+01 1.667372381196974386e-26 3.324245333711239442e-27
1.453340644318165609e+01 1.697081686608743808e-26 3.410645814173522597e-27
1.467967550785232866e+01 1.795358076516275986e-26 3.499868717196032808e-27
1.482741667332491708e+01 1.858835996973870712e-26 3.591977968121665876e-27
1.497664475531439621e+01 2.179980244669738827e-26 3.687098483721707792e-27
1.512737471864604011e+01 1.919958000988621863e-26 3.785092046541430134e-27
1.527962167875614341e+01 1.875520775656442997e-26 3.886142317000745230e-27
