6.266836452195098772e+00 1.775354651367378748e-27 1.333651134644418973e-27
6.329907990852620792e+00 1.638827418890673442e-27 1.301123685432197352e-27
6.393614302576105857e+00 1.086608575016361224e-27 1.269047473173102439e-27
6.457961775934053961e+00 1.248576223761199380e-27 1.238384109406111727e-27
6.522956863791657511e+00 1.280889235514041432e-27 1.209857578004620972e-27
6.588606083957897042e+00 1.366602515280217905e-27 1.183835507229678069e-27
6.654916019839175689e+00 1.436007585547690501e-27 1.160257543215566607e-27
6.721893321099498664e+00 2.215225739200635207e-27 1.138750360878018257e-27
6.789544704327308722e+00 2.333711381562247592e-27 1.118709624427762622e-27
6.857876953709047818e+00 2.236165846005796539e-27 1.099587497597484609e-27
6.926896921709476018e+00 3.332160905446840051e-27 1.081024510192826579e-27
6.996611529758846260e+00 3.257981719220414345e-27 1.062801871821672061e-27
7.067027768947006017e+00 3.763485751490791746e-27 1.045066710771852092e-27
7.138152700724472943e+00 3.694238219179571638e-27 1.028064772461391585e-27
7.209993457610560874e+00 4.751228939776190163e-27 1.012197987763992940e-27
7.282557243908652111e+00 4.635976094905348544e-27 9.977186436041511602e-28
7.355851336428639975e+00 4.825953995900037687e-27 9.848777355032050029e-28
7.429883085216668626e+00 5.027975016206231087e-27 9.737271934865191951e-28
7.504659914292203027e+00 5.744696331507224604e-27 9.641992269948970150e-28
7.580189322392528517e+00 6.081766061628463533e-27 9.560758511758570171e-28
7.656478883724727069e+00 4.458185571720556258e-27 9.490623289941060007e-28
7.733536248725243034e+00 5.447260443952645602e-27 9.430528331669949760e-28
7.811369144827072120e+00 6.483448928041415487e-27 9.377791430412961703e-28
7.889985377234665975e+00 6.180637353868299141e-27 9.330943316874309302e-28
7.969392829706678505e+00 8.490653364629961225e-27 9.291115280795970432e-28
8.049599465346544136e+00 9.769004702810796360e-27 9.257968377344231730e-28
8.130613327401031043e+00 1.135670242353500311e-26 9.233255684108676881e-28
8.212442540066838603e+00 1.166649043767910424e-26 9.218043192835339841e-28
8.295095309305308362e+00 1.278520535182411164e-26 9.214382197738620859e-28
8.378579923665309792e+00 1.302239202148702732e-26 9.222761339361572190e-28
8.462904755114436739e+00 1.328622972742068254e-26 9.243900858491224500e-28
8.548078259878579388e+00 1.356614902971886094e-26 9.277643075304993576e-28
8.634108979289907282e+00 1.436226510679032609e-26 9.323459528784288144e-28
8.721005540643410825e+00 1.478470921497192325e-26 9.380028700518757423e-28
8.808776658062068776e+00 1.520151400702435437e-26 9.446237834321726759e-28
8.897431133370709233e+00 1.579771521331880430e-26 9.520958556330696795e-28
8.986977856978677792e+00 1.635060840436401801e-26 9.603172041938322257e-28
9.077425808771357296e+00 1.671187101303908161e-26 9.692253638534235762e-28
9.168784059010707921e+00 1.725358293193890003e-26 9.788171094537168744e-28
9.261061769244845365e+00 1.762839694912218191e-26 9.891111625160704070e-28
9.354268193226760175e+00 1.682516566350922251e-26 1.000143071303875849e-27
9.448412677842322083e+00 1.081271922952732716e-26 1.011886713337497929e-27
9.543504664047580022e+00 1.232056761576408545e-26 1.024801713707177638e-27
9.639553687815530125e+00 1.123792190950696690e-26 1.038690425519765128e-27
9.736569381092376574e+00 1.291196894046970253e-26 1.053775900219311502e-27
9.834561472763468259e+00 1.479008013900076243e-26 1.070032832158783532e-27
9.933539789628898831e+00 1.814485114508294119e-26 1.087511897788836976e-27
1.003351425738896729e+01 2.097165434818405546e-26 1.106144089782482180e-27
1.013449490163955069e+01 2.252766737846468310e-26 1.125869629473662915e-27
1.023649184887746877e+01 2.310633309638919901e-26 1.146637323569250518e-27
1.033951532751600055e+01 2.376417693142281701e-26 1.168405219601499218e-27
1.044357566891059541e+01 2.433198883141537482e-26 1.191098775961318682e-27
1.054868330839490831e+01 2.464170753539467205e-26 1.214653665395826503e-27
1.065484878632729249e+01 2.529570165521357908e-26 1.239043450781922111e-27
1.076208274914780105e+01 2.560985184583388127e-26 1.264233625541286559e-27
1.087039595044581120e+01 2.600506884015958419e-26 1.290244743527870260e-27
1.097979925203842733e+01 2.646818523893504451e-26 1.317113290864014167e-27
1.109030362505972001e+01 2.716856929237301805e-26 1.344903584346985777e-27
1.120192015106091610e+01 2.747357305551520424e-26 1.373678652775760140e-27
1.131466002312166985e+01 2.780095333271433376e-26 1.403611802026828893e-27
1.142853454697254456e+01 2.830895023809185517e-26 1.434647026062863098e-27
1.154355514212876521e+01 2.888603332786340023e-26 1.466943065783477953e-27
1.165973334303537889e+01 2.924115776759408993e-26 1.500567350231338410e-27
1.177708080022393311e+01 2.925228866127835244e-26 1.535574443772246210e-27
1.189560928148084074e+01 3.007860466342639158e-26 1.572026546728677005e-27
1.201533067302744051e+01 3.071024984309560393e-26 1.609916961315015371e-27
1.213625698071197334e+01 3.091764008977509939e-26 1.649235959430382674e-27
1.225840033121355965e+01 3.118314117439707486e-26 1.689970890784249314e-27
1.238177297325828619e+01 3.140588135338418392e-26 1.732082933982889979e-27
1.250638727884750523e+01 3.078022038492402377e-26 1.775510880240426342e-27
1.263225574449854705e+01 3.139918047141843839e-26 1.820250080752949249e-27
1.275939099249784547e+01 3.226402791562133735e-26 1.866237112747010697e-27
1.288780577216676448e+01 3.231761011805358022e-26 1.913418738229136362e-27
1.301751296114010437e+01 3.245931197826510882e-26 1.961795694260418939e-27
1.314852556665747763e+01 3.172003526904981443e-26 2.011351668995028991e-27
1.328085672686771979e+01 2.921207131713398661e-26 2.062094282214918702e-27
1.341451971214639904e+01 2.667514617733598905e-26 2.114102358475924521e-27
1.354952792642657577e+01 2.309781396051010104e-26 2.167423762138657246e-27
1.368589490854296464e+01 2.359659158410400445e-26 2.222235336906586475e-27
1.382363433358965210e+01 2.280916288272037367e-26 2.278537800141849552e-27
1.396276001429144920e+01 2.042248170753094305e-26 2.336434643832968909e-27
1.410328590238903956e+01 1.861454286028129618e-26 2.396076923229052811e-27
1.424522609003810736e+01 1.576589212097614554e-26 2.457548216452663496e-27
1.438859481122250550e+01 1.469703235048543397e-26 2.521002381208727974e-27
1.453340644318165609e+01 1.485351968069782682e-26 2.586524713182955499e-27
1.467967550785232866e+01 1.537227108388796027e-26 2.654182253003209327e-27
1.482741667332491708e+01 1.582926449025837015e-26 2.724033546420077471e-27
1.497664475531439621e+01 1.872464481342606649e-26 2.796166361015402039e-27
1.512737471864604011e+01 1.644677945375810908e-26 2.870488233919565207e-27
1.527962167875614341e+01 1.621725510816622627e-26 2.947126434763269139e-27
