3.798363644187992882e+00 2.137713054002150838e-28 8.415250167011807563e-27
3.836591646665353128e+00 2.271659903094727726e-28 8.475122280349760355e-27
3.875204388549021495e+00 2.040337674720805965e-28 8.436163182053741189e-27
3.914205741985100406e+00 2.190068828222694839e-28 8.321118440930689387e-27
3.953599618090267942e+00 2.450754075565534524e-28 8.209159992861538534e-27
3.993389967343984548e+00 2.542441753484494997e-28 8.159073381703939903e-27
4.033580779984657028e+00 2.445194779529088231e-28 8.165701934984905413e-27
4.074176086409786457e+00 2.391868593425178292e-28 8.167185087956867772e-27
4.115179957580148873e+00 2.321582266047154301e-28 8.093775229299340455e-27
4.156596505428027832e+00 2.058746321010196296e-28 7.929490532396756046e-27
4.198429883269572116e+00 6.109278843720232854e-29 7.724244855574066944e-27
4.240684286221285682e+00 9.203295021659464937e-29 7.544185131952421529e-27
4.283363951620734689e+00 1.102894629265913627e-28 7.421482128263341177e-27
4.326473159451468931e+00 8.164665381335207371e-29 7.340659794018203285e-27
4.370016232772217180e+00 5.348102563098564219e-29 7.254804170488784983e-27
4.413997538150425726e+00 4.607626545119600524e-29 7.120153815235933427e-27
4.458421486100134778e+00 7.651485683617029578e-29 6.929306202348205753e-27
4.503292531524275333e+00 1.701531318171115230e-28 6.713810060712145042e-27
4.548615174161405150e+00 2.635611554701438705e-28 6.515725620555358681e-27
