3.798363644187992882e+00 1.939678138360182608e-28 4.632608107195673405e-27
3.836591646665353128e+00 2.129829887508894669e-28 4.665567869655317055e-27
3.875204388549021495e+00 2.023235668364358321e-28 4.644120994613534435e-27
3.914205741985100406e+00 2.231468008408382580e-28 4.580788766339957869e-27
3.953599618090267942e+00 2.551363282745838653e-28 4.519155550161192936e-27
3.993389967343984548e+00 2.729635300067457967e-28 4.491582919796842125e-27
4.033580779984657028e+00 2.718045103978571199e-28 4.495232081702301051e-27
4.074176086409786457e+00 2.737118050625639090e-28 4.496048679397748102e-27
4.115179957580148873e+00 2.722189846534949996e-28 4.455636533407137319e-27
4.156596505428027832e+00 2.466612450521319945e-28 4.365197570658548589e-27
4.198429883269572116e+00 5.562964995846179931e-29 4.252208780369034178e-27
4.240684286221285682e+00 5.657442127731256915e-29 4.153085139199712088e-27
4.283363951620734689e+00 6.748216466379535968e-29 4.085536812838972989e-27
4.326473159451468931e+00 4.845290615834951242e-29 4.041044135614538690e-27
4.370016232772217180e+00 3.286801786342898778e-29 3.993780682791412410e-27
4.413997538150425726e+00 3.276046343055870581e-29 3.919655572202548783e-27
4.458421486100134778e+00 7.702772908807827698e-29 3.814593904666300569e-27
4.503292531524275333e+00 1.977035398462009021e-28 3.695963426839359751e-27
4.548615174161405150e+00 3.134412942305900336e-28 3.586918045341352197e-27
