6.266836452195098772e+00 1.987435771037598696e-27 3.277242841190470029e-27
6.329907990852620792e+00 1.824557996119196380e-27 3.197310468136595813e-27
6.393614302576105857e+00 1.192100490111107358e-27 3.118483475890915226e-27
6.457961775934053961e+00 1.363794545289010349e-27 3.043133970550958926e-27
6.522956863791657511e+00 1.394791987487710279e-27 2.973034681820331832e-27
6.588606083957897042e+00 1.482339341421040546e-27 2.909089903418268435e-27
6.654916019839175689e+00 1.556486561287210677e-27 2.851151317063237500e-27
6.721893321099498664e+00 2.414317904985063139e-27 2.798306311144574242e-27
6.789544704327308722e+00 2.541674968123306228e-27 2.749060240002412363e-27
6.857876953709047818e+00 2.425413539484304521e-27 2.702069612040765999e-27
6.926896921709476018e+00 3.694100384719951404e-27 2.656466241728385203e-27
6.996611529758846260e+00 3.563111770945611718e-27 2.611683339067351842e-27
7.067027768947006017e+00 4.193938525725258554e-27 2.568111127657633749e-27
7.138152700724472943e+00 4.074859177037525714e-27 2.526328323521553727e-27
7.209993457610560874e+00 5.364948433015039294e-27 2.487355219152841861e-27
7.282557243908652111e+00 5.225426231204286410e-27 2.451773135658671833e-27
7.355851336428639975e+00 5.598983478395899737e-27 2.420232325861391276e-27
7.429883085216668626e+00 5.980527985344415191e-27 2.392845174068362492e-27
7.504659914292203027e+00 6.926886289720069014e-27 2.369449065280734996e-27
7.580189322392528517e+00 7.134519237027079143e-27 2.349478093526619762e-27
7.656478883724727069e+00 5.528431038207341189e-27 2.332245197464756071e-27
7.733536248725243034e+00 6.810028995692548741e-27 2.317500021789925518e-27
7.811369144827072120e+00 8.175995188497297845e-27 2.304565833256357178e-27
7.889985377234665975e+00 7.569416999614093173e-27 2.293031158007637472e-27
7.969392829706678505e+00 1.066272986175703942e-26 2.283303112573075126e-27
8.049599465346544136e+00 1.228786111621640387e-26 2.275183963523714296e-27
8.130613327401031043e+00 1.447885671178298674e-26 2.269156522867975824e-27
8.212442540066838603e+00 1.462983669904020712e-26 2.265406132216573612e-27
8.295095309305308362e+00 1.638877722866049418e-26 2.264554167083431611e-27
8.378579923665309792e+00 1.658917946701022477e-26 2.266609895448695595e-27
8.462904755114436739e+00 1.693266827712901033e-26 2.271809869905435485e-27
8.548078259878579388e+00 1.709165532528733770e-26 2.280091670381279005e-27
8.634108979289907282e+00 1.850898459321119232e-26 2.291395513897938242e-27
8.721005540643410825e+00 1.888274114055542749e-26 2.305291661311320763e-27
8.808776658062068776e+00 1.928858840222626594e-26 2.321559302502054753e-27
8.897431133370709233e+00 2.022470548533559220e-26 2.339944022040932497e-27
8.986977856978677792e+00 2.086553793876019581e-26 2.360151137425505201e-27
9.077425808771357296e+00 2.118544592397725740e-26 2.382036330453339876e-27
9.168784059010707921e+00 2.197654962140409305e-26 2.405622013125518214e-27
9.261061769244845365e+00 2.238410593691906579e-26 2.430917603973452424e-27
9.354268193226760175e+00 2.139656886281302596e-26 2.458010832387893129e-27
9.448412677842322083e+00 1.485572106368445539e-26 2.486829093011961283e-27
9.543504664047580022e+00 1.666971578629490671e-26 2.518584127940035171e-27
9.639553687815530125e+00 1.550967428608188342e-26 2.552705120761055726e-27
9.736569381092376574e+00 1.750632026849209568e-26 2.589794165624241813e-27
9.834561472763468259e+00 1.966076420788925170e-26 2.629758276956336417e-27
9.933539789628898831e+00 2.334492523318829780e-26 2.672728680172776185e-27
1.003351425738896729e+01 2.648082167226068134e-26 2.718530875924975025e-27
1.013449490163955069e+01 2.826524774396525462e-26 2.767014080885052149e-27
1.023649184887746877e+01 2.877054748855379670e-26 2.818038426826144646e-27
1.033951532751600055e+01 2.960847435833846660e-26 2.871536790710866905e-27
1.044357566891059541e+01 3.023475393264288405e-26 2.927301846059318125e-27
1.054868330839490831e+01 3.052071317687952695e-26 2.985178233518686892e-27
1.065484878632729249e+01 3.137206487901021183e-26 3.045119789611513993e-27
1.076208274914780105e+01 3.165486990275425116e-26 3.107013959582237028e-27
1.087039595044581120e+01 3.204041045500021325e-26 3.170926768260760650e-27
1.097979925203842733e+01 3.251509826437854341e-26 3.236947815422927491e-27
1.109030362505972001e+01 3.347615232628156926e-26 3.305248395251390232e-27
1.120192015106091610e+01 3.375952278440104887e-26 3.375952278440104600e-27
1.131466002312166985e+01 3.397115099500534821e-26 3.449496666353154987e-27
1.142853454697254456e+01 3.455543931315831450e-26 3.525760217905081955e-27
1.154355514212876521e+01 3.524464894074029524e-26 3.605123946681345774e-27
1.165973334303537889e+01 3.549945607679365258e-26 3.687739960046179253e-27
1.177708080022393311e+01 3.526934061566154520e-26 3.773746658581248846e-27
1.189560928148084074e+01 3.638578870104640288e-26 3.863332835383048808e-27
1.201533067302744051e+01 3.721671647171762376e-26 3.956448349070591311e-27
1.213625698071197334e+01 3.725741965924821590e-26 4.053055282246872792e-27
1.225840033121355965e+01 3.748280487715640776e-26 4.153148391667572263e-27
1.238177297325828619e+01 3.759241049111474723e-26 4.256621975669452599e-27
1.250638727884750523e+01 3.617571399946864327e-26 4.363295731527717279e-27
1.263225574449854705e+01 3.732111348408597702e-26 4.473257305193419849e-27
1.275939099249784547e+01 3.832177671794540659e-26 4.586265695999777832e-27
1.288780577216676448e+01 3.814528368732496872e-26 4.702192013918535966e-27
1.301751296114010437e+01 3.838548422386172917e-26 4.821071463840467665e-27
1.314852556665747763e+01 3.750157377587224774e-26 4.942836777972242918e-27
1.328085672686771979e+01 3.399098487157205269e-26 5.067478932763742275e-27
1.341451971214639904e+01 3.100617204132615154e-26 5.195257119917547445e-27
1.354952792642657577e+01 2.683748028071726341e-26 5.326256761922973158e-27
1.368589490854296464e+01 2.736297538191765730e-26 5.460946228399411694e-27
1.382363433358965210e+01 2.671363863690230918e-26 5.599304164055802044e-27
1.396276001429144920e+01 2.359396491645479659e-26 5.741542517869919867e-27
1.410328590238903956e+01 2.145453427893338866e-26 5.888087868435761333e-27
1.424522609003810736e+01 1.793772355568286695e-26 6.039114034950134958e-27
1.438859481122250550e+01 1.664138376643282755e-26 6.195031731071591467e-27
1.453340644318165609e+01 1.693402027116419453e-26 6.356046707633079990e-27
1.467967550785232866e+01 1.794953235600672804e-26 6.522323028144812601e-27
1.482741667332491708e+01 1.861954995415088460e-26 6.693978386701286419e-27
1.497664475531439621e+01 2.214278092906934401e-26 6.871256352996722687e-27
1.512737471864604011e+01 1.924100048459364133e-26 7.053864377542486835e-27
1.527962167875614341e+01 1.872089632128399314e-26 7.242177805569845822e-27
