3.798363644187992882e+00 1.269908659906444714e-28 3.689368190809359691e-27
3.836591646665353128e+00 1.360124301374712813e-28 3.715616934980566010e-27
3.875204388549021495e+00 1.255689969729389885e-28 3.698536818903724186e-27
3.914205741985100406e+00 1.372707744662697639e-28 3.648099471149458133e-27
3.953599618090267942e+00 1.564249372460410508e-28 3.599015156362534001e-27
3.993389967343984548e+00 1.661007560107000419e-28 3.577056438889652708e-27
4.033580779984657028e+00 1.638984020771465529e-28 3.579962557762341778e-27
4.074176086409786457e+00 1.637384987323488661e-28 3.580612832282794462e-27
4.115179957580148873e+00 1.617850810021423299e-28 3.548428917549048869e-27
4.156596505428027832e+00 1.456194416374853177e-28 3.476404211031210378e-27
4.198429883269572116e+00 3.832154712567568906e-29 3.386421959609235393e-27
4.240684286221285682e+00 4.710513787342848859e-29 3.307480848931573812e-27
4.283363951620734689e+00 5.696064766066324804e-29 3.253685931888647148e-27
4.326473159451468931e+00 4.252310802378553905e-29 3.218252407692493505e-27
4.370016232772217180e+00 2.883135455776830947e-29 3.180612227879190961e-27
4.413997538150425726e+00 2.697845521180051834e-29 3.121579607596197854e-27
4.458421486100134778e+00 5.248293260220222177e-29 3.037909141186072356e-27
4.503292531524275333e+00 1.253268819567725217e-28 2.943432170681178632e-27
4.548615174161405150e+00 1.979743051933154621e-28 2.856588737497841704e-27
