3.798363644187992882e+00 2.168248344790412382e-28 4.971701273538647794e-27
3.836591646665353128e+00 2.400659274970488124e-28 5.007073659729793701e-27
3.875204388549021495e+00 2.300047746444207924e-28 4.984056953758899229e-27
3.914205741985100406e+00 2.547316435335636579e-28 4.916089061775532932e-27
3.953599618090267942e+00 2.920294702547252701e-28 4.849944567748495701e-27
3.993389967343984548e+00 3.135544631938484133e-28 4.820353772037604747e-27
4.033580779984657028e+00 3.130721666375701202e-28 4.824270067451730483e-27
4.074176086409786457e+00 3.159746838410201596e-28 4.825146470212833899e-27
4.115179957580148873e+00 3.147741538086850953e-28 4.781776296548268864e-27
4.156596505428027832e+00 2.851159411094549776e-28 4.684717417141250301e-27
4.198429883269572116e+00 5.916358063950417210e-29 4.563457605064640755e-27
4.240684286221285682e+00 5.124070569772120921e-29 4.457078262798217508e-27
4.283363951620734689e+00 6.115728080587428501e-29 4.384585585006124037e-27
4.326473159451468931e+00 4.429652846489405851e-29 4.336836215254017914e-27
4.370016232772217180e+00 3.097822249541023446e-29 4.286113261136586397e-27
4.413997538150425726e+00 3.274060400626649399e-29 4.206562452003664950e-27
4.458421486100134778e+00 8.292290405783516132e-29 4.093810702064897397e-27
4.503292531524275333e+00 2.226064955436388661e-28 3.966497200822882241e-27
4.548615174161405150e+00 3.558238901657102198e-28 3.849470376017209088e-27
