6.266836452195098772e+00 1.636978833661501626e-27 2.609950517999142777e-27
6.329907990852620792e+00 1.516473223307737836e-27 2.546294961330368587e-27
6.393614302576105857e+00 1.037812687780037501e-27 2.483525401176320276e-27
6.457961775934053961e+00 1.182618434588436451e-27 2.423516246922374715e-27
6.522956863791657511e+00 1.218738676311616995e-27 2.367689938244054589e-27
6.588606083957897042e+00 1.301936060805854807e-27 2.316764535930015119e-27
6.654916019839175689e+00 1.369292873784164274e-27 2.270622274486383703e-27
6.721893321099498664e+00 2.065030731342228885e-27 2.228528175036792749e-27
6.789544704327308722e+00 2.178898812538300626e-27 2.189308076310757841e-27
6.857876953709047818e+00 2.102190784235216969e-27 2.151887090339824029e-27
6.926896921709476018e+00 3.125726692174967430e-27 2.115555208018659568e-27
6.996611529758846260e+00 3.050464887515447265e-27 2.079893307569592208e-27
7.067027768947006017e+00 3.559309359084567937e-27 2.045185659736705322e-27
7.138152700724472943e+00 3.483716004284035301e-27 2.011912391585013828e-27
7.209993457610560874e+00 4.513439032881365367e-27 1.980859426341050747e-27
7.282557243908652111e+00 4.412199251313950149e-27 1.952524043720851877e-27
7.355851336428639975e+00 4.636714566047232946e-27 1.927396285360728820e-27
7.429883085216668626e+00 4.856524953708165115e-27 1.905575626850575053e-27
7.504659914292203027e+00 5.561099010238410427e-27 1.886928611032530753e-27
7.580189322392528517e+00 5.848056318126246231e-27 1.871028139192328221e-27
7.656478883724727069e+00 4.422047524701280310e-27 1.857314300660793643e-27
7.733536248725243034e+00 5.354637238507662966e-27 1.845550339241594893e-27
7.811369144827072120e+00 6.352753448116049364e-27 1.835227429460475640e-27
7.889985377234665975e+00 6.057547366111550565e-27 1.826059683016623940e-27
7.969392829706678505e+00 8.259866493252788731e-27 1.818258869969588079e-27
8.049599465346544136e+00 9.463838712672728156e-27 1.811767552905652736e-27
8.130613327401031043e+00 1.094037768244053341e-26 1.806924623563400797e-27
8.212442540066838603e+00 1.123749983201975772e-26 1.803946804073663228e-27
8.295095309305308362e+00 1.228080700400898808e-26 1.803225882889276471e-27
8.378579923665309792e+00 1.252536947205453601e-26 1.804866183860670477e-27
8.462904755114436739e+00 1.279450778177798658e-26 1.809003579981807424e-27
8.548078259878579388e+00 1.307626312596404565e-26 1.815607131247407602e-27
8.634108979289907282e+00 1.383524501485057409e-26 1.824571322526088809e-27
8.721005540643410825e+00 1.424796001249731326e-26 1.835641467337327593e-27
8.808776658062068776e+00 1.466116443653592669e-26 1.848598536509645243e-27
8.897431133370709233e+00 1.523249738312950902e-26 1.863220107408955487e-27
8.986977856978677792e+00 1.576801306782314348e-26 1.879308485740248913e-27
9.077425808771357296e+00 1.612775153616003186e-26 1.896741902679597840e-27
9.168784059010707921e+00 1.664724200567287304e-26 1.915511939012247578e-27
9.261061769244845365e+00 1.702982645860349890e-26 1.935658132723310576e-27
9.354268193226760175e+00 1.631612084450540722e-26 1.957252916471184745e-27
9.448412677842322083e+00 1.100673388959735606e-26 1.980274668446724093e-27
9.543504664047580022e+00 1.241536212797909326e-26 2.005543765717345966e-27
9.639553687815530125e+00 1.151572669499704926e-26 2.032733946922610829e-27
9.736569381092376574e+00 1.300079420296716229e-26 2.062245867228531195e-27
9.834561472763468259e+00 1.471976210879824042e-26 2.094052137640705556e-27
9.933539789628898831e+00 1.780596407635570024e-26 2.128244507542472313e-27
1.003351425738896729e+01 2.045232832416103557e-26 2.164698471819689229e-27
1.013449490163955069e+01 2.195110071973480812e-26 2.203298712845095246e-27
1.023649184887746877e+01 2.254306629184897677e-26 2.243942135967310216e-27
1.033951532751600055e+01 2.319896634804868674e-26 2.286542171674642341e-27
1.044357566891059541e+01 2.376389968764570595e-26 2.330953685711588571e-27
1.054868330839490831e+01 2.408806287087200558e-26 2.377051695024964491e-27
1.065484878632729249e+01 2.473243671925076253e-26 2.424782407611163736e-27
1.076208274914780105e+01 2.505452245762887778e-26 2.474080346275826353e-27
1.087039595044581120e+01 2.544969194001804695e-26 2.524984484817569315e-27
1.097979925203842733e+01 2.589399600832415190e-26 2.577565733075799792e-27
1.109030362505972001e+01 2.657725226405910917e-26 2.631950941991992259e-27
1.120192015106091610e+01 2.688264178973902539e-26 2.688264178973902683e-27
1.131466002312166985e+01 2.721609515999936703e-26 2.746844037214762001e-27
1.142853454697254456e+01 2.772551079295017029e-26 2.807580437335208768e-27
1.154355514212876521e+01 2.830907859172244132e-26 2.870784471838888696e-27
1.165973334303537889e+01 2.868025934407856458e-26 2.936588285131279419e-27
1.177708080022393311e+01 2.872673372065044561e-26 3.005099058721252015e-27
1.189560928148084074e+01 2.954632765321177097e-26 3.076435895325025269e-27
1.201533067302744051e+01 3.018080887159011019e-26 3.150587910199400914e-27
1.213625698071197334e+01 3.040503953775260127e-26 3.227536232635959226e-27
1.225840033121355965e+01 3.068605779073284238e-26 3.307255461855350943e-27
1.238177297325828619e+01 3.090155804652803164e-26 3.389668768636592325e-27
1.250638727884750523e+01 3.029157590255433853e-26 3.474658209624126030e-27
1.263225574449854705e+01 3.092707380646610960e-26 3.562213791532802882e-27
1.275939099249784547e+01 3.175446492117964111e-26 3.652209282348768498e-27
1.288780577216676448e+01 3.183035913885353504e-26 3.744544901310006610e-27
1.301751296114010437e+01 3.200741887443480555e-26 3.839220248442591299e-27
1.314852556665747763e+01 3.135020668943504562e-26 3.936204628276075007e-27
1.328085672686771979e+01 2.899870373242072181e-26 4.035513896248119759e-27
1.341451971214639904e+01 2.663214795920680704e-26 4.137300025748752688e-27
1.354952792642657577e+01 2.328797465902372998e-26 4.241658409318283171e-27
1.368589490854296464e+01 2.375677089832216591e-26 4.348923604126266404e-27
1.382363433358965210e+01 2.322837721920341962e-26 4.459116511805352702e-27
1.396276001429144920e+01 2.088524312018558541e-26 4.572422024372538865e-27
1.410328590238903956e+01 1.920494061803645769e-26 4.689146161043080249e-27
1.424522609003810736e+01 1.675030237967475969e-26 4.809458451451500865e-27
1.438859481122250550e+01 1.602232447775133258e-26 4.933649150798279059e-27
1.453340644318165609e+01 1.632329956888609474e-26 5.061880606049670583e-27
1.467967550785232866e+01 1.697867119574932099e-26 5.194290312249895666e-27
1.482741667332491708e+01 1.749100364118645416e-26 5.330990529815916740e-27
1.497664475531439621e+01 2.033269756337166685e-26 5.472152246455729644e-27
1.512737471864604011e+01 1.810974950821969980e-26 5.617601372129163354e-27
1.527962167875614341e+01 1.782349177316187274e-26 5.767580113886688089e-27
