6.266836452195098772e+00 1.816450702426588804e-27 1.488293810624113157e-27
6.329907990852620792e+00 1.683320018236566170e-27 1.451994800912078560e-27
6.393614302576105857e+00 1.169611514157756490e-27 1.416200362013646792e-27
6.457961775934053961e+00 1.313279400080687275e-27 1.381980969085754267e-27
6.522956863791657511e+00 1.357098141541179916e-27 1.350147046957807976e-27
6.588606083957897042e+00 1.441760354085072695e-27 1.321107621347439500e-27
6.654916019839175689e+00 1.517846016388053966e-27 1.294795938488014615e-27
6.721893321099498664e+00 2.254634740715100952e-27 1.270793658510502635e-27
6.789544704327308722e+00 2.378510923591021923e-27 1.248429309343534096e-27
6.857876953709047818e+00 2.298600689140961561e-27 1.227090471474339716e-27
6.926896921709476018e+00 3.419564499240143641e-27 1.206375849105100611e-27
6.996611529758846260e+00 3.310987078929199540e-27 1.186039162219524507e-27
7.067027768947006017e+00 3.895461325112887292e-27 1.166250098857783322e-27
7.138152700724472943e+00 3.793147366528022703e-27 1.147275688154563389e-27
7.209993457610560874e+00 4.955605312288290876e-27 1.129572555462972949e-27
7.282557243908652111e+00 4.854419398220792529e-27 1.113414786591325653e-27
7.355851336428639975e+00 5.219678002991694559e-27 1.099090765518746635e-27
7.429883085216668626e+00 5.573795756938814695e-27 1.086652413765160723e-27
7.504659914292203027e+00 6.411536121985490010e-27 1.076023797997980106e-27
7.580189322392528517e+00 6.605577522668009262e-27 1.066953803004115451e-27
7.656478883724727069e+00 5.303040761371790812e-27 1.059137970361580062e-27
7.733536248725243034e+00 6.371911556167722834e-27 1.052434477414170306e-27
7.811369144827072120e+00 7.518490061633364580e-27 1.046553143385405120e-27
7.889985377234665975e+00 7.083078950278696171e-27 1.041320671702336498e-27
7.969392829706678505e+00 9.637744009566984605e-27 1.036884443837643148e-27
8.049599465346544136e+00 1.102827569540001439e-26 1.033189253457575058e-27
8.130613327401031043e+00 1.283161767964829095e-26 1.030438780842559777e-27
8.212442540066838603e+00 1.306580336706621611e-26 1.028738506829332168e-27
8.295095309305308362e+00 1.449242388075315153e-26 1.028340369079340162e-27
8.378579923665309792e+00 1.472275305223399013e-26 1.029275089714124755e-27
8.462904755114436739e+00 1.504939702365026204e-26 1.031636147746766520e-27
8.548078259878579388e+00 1.526852308355079500e-26 1.035399392223044632e-27
8.634108979289907282e+00 1.639877755966157616e-26 1.040523359017693855e-27
8.721005540643410825e+00 1.679668033367866816e-26 1.046835123294853093e-27
8.808776658062068776e+00 1.720848533470874929e-26 1.054223283262171853e-27
8.897431133370709233e+00 1.800208619964956978e-26 1.062567983125640519e-27
8.986977856978677792e+00 1.859044744016966273e-26 1.071743367355175508e-27
9.077425808771357296e+00 1.894117737560229475e-26 1.081683625873219918e-27
9.168784059010707921e+00 1.962267642714911763e-26 1.092391589300110694e-27
9.261061769244845365e+00 2.002204449492350744e-26 1.103879454128561718e-27
9.354268193226760175e+00 1.924875545318412462e-26 1.116190853538033564e-27
9.448412677842322083e+00 1.411746397927862908e-26 1.129323518141588822e-27
9.543504664047580022e+00 1.561641209101358113e-26 1.143734782610554441e-27
9.639553687815530125e+00 1.481236635014995734e-26 1.159241610216309130e-27
9.736569381092376574e+00 1.635925660381600060e-26 1.176071252705364298e-27
9.834561472763468259e+00 1.811118570962637056e-26 1.194208283934455160e-27
9.933539789628898831e+00 2.115229642760567655e-26 1.213703564226971390e-27
1.003351425738896729e+01 2.378863929440335635e-26 1.234489558095265731e-27
1.013449490163955069e+01 2.534641015595852952e-26 1.256501477576088453e-27
1.023649184887746877e+01 2.588998135302742419e-26 1.279675307468925177e-27
1.033951532751600055e+01 2.664473404364137085e-26 1.303969143232767580e-27
1.044357566891059541e+01 2.724608654404386455e-26 1.329294086061929534e-27
1.054868330839490831e+01 2.756513493252115447e-26 1.355579517914137200e-27
1.065484878632729249e+01 2.831928747615503619e-26 1.382799166916468832e-27
1.076208274914780105e+01 2.864002759401040077e-26 1.410909357044501524e-27
1.087039595044581120e+01 2.904486817577667679e-26 1.439935750353539229e-27
1.097979925203842733e+01 2.951883253888628123e-26 1.469919015538736570e-27
1.109030362505972001e+01 3.034520033417589898e-26 1.500933944672963198e-27
1.120192015106091610e+01 3.066089482308743339e-26 1.533044741154371669e-27
1.131466002312166985e+01 3.093357469374146613e-26 1.566446213468019347e-27
1.142853454697254456e+01 3.147292712256366208e-26 1.601079791447691245e-27
1.154355514212876521e+01 3.209662769783505575e-26 1.637120757358536492e-27
1.165973334303537889e+01 3.239826673134189396e-26 1.674641492915555102e-27
1.177708080022393311e+01 3.231409924908913150e-26 1.713704413587490592e-27
1.189560928148084074e+01 3.325601521929593004e-26 1.754385057012926582e-27
1.201533067302744051e+01 3.396931745799189387e-26 1.796669927979598871e-27
1.213625698071197334e+01 3.410491976945687447e-26 1.840545400787266912e-27
1.225840033121355965e+01 3.436686357457704409e-26 1.886002629797056675e-27
1.238177297325828619e+01 3.455919078385000315e-26 1.932996055506337594e-27
1.250638727884750523e+01 3.359014959794118505e-26 1.981450943840003435e-27
1.263225574449854705e+01 3.449241075097175274e-26 2.031383288764664402e-27
1.275939099249784547e+01 3.540719838439521590e-26 2.082702875133910925e-27
1.288780577216676448e+01 3.538339878879441766e-26 2.135352794152085554e-27
1.301751296114010437e+01 3.560481831231240470e-26 2.189340059959733257e-27
1.314852556665747763e+01 3.490238893223555644e-26 2.244642115771025678e-27
1.328085672686771979e+01 3.213268881522695615e-26 2.301262176149055566e-27
1.341451971214639904e+01 2.967985436651235902e-26 2.359301697448884861e-27
1.354952792642657577e+01 2.622855119720768623e-26 2.418807647829317021e-27
1.368589490854296464e+01 2.670572237952462192e-26 2.479973548012740657e-27
1.382363433358965210e+01 2.657329218202360577e-26 2.542816603237307957e-27
1.396276001429144920e+01 2.381837252832575610e-26 2.607418642176533572e-27
1.410328590238903956e+01 2.202979123713748334e-26 2.673976171426312996e-27
1.424522609003810736e+01 1.964755362307772767e-26 2.742583299910397274e-27
1.438859481122250550e+01 1.933266395065131765e-26 2.813408411263642850e-27
1.453340644318165609e+01 2.010928349302544472e-26 2.886538691432433978e-27
1.467967550785232866e+01 2.118614134838529906e-26 2.962050374253813199e-27
1.482741667332491708e+01 2.186259103766522176e-26 3.040003845767889375e-27
1.497664475531439621e+01 2.565500352696141923e-26 3.120515427007190646e-27
1.512737471864604011e+01 2.250097530686236675e-26 3.203438258234845446e-27
1.527962167875614341e+01 2.198021218394785620e-26 3.288956601345263598e-27
