6.266836452195098772e+00 1.883072205905832722e-27 3.434092853088910436e-27
6.329907990852620792e+00 1.744989125843397136e-27 3.350336262964815121e-27
6.393614302576105857e+00 1.196708839235806357e-27 3.267741943399769457e-27
6.457961775934053961e+00 1.351136047973699105e-27 3.188784873003556074e-27
6.522956863791657511e+00 1.390516010233799185e-27 3.115331022095897823e-27
6.588606083957897042e+00 1.475307088658788411e-27 3.048325499068169746e-27
6.654916019839175689e+00 1.552288347559351002e-27 2.987614023063165930e-27
6.721893321099498664e+00 2.322585789812274875e-27 2.932233560589205967e-27
6.789544704327308722e+00 2.447644080632788162e-27 2.880630212009748059e-27
6.857876953709047818e+00 2.356330318748803481e-27 2.831392220445972460e-27
6.926896921709476018e+00 3.516423101926308307e-27 2.783598202235571697e-27
6.996611529758846260e+00 3.398816589295963009e-27 2.736672742357312598e-27
7.067027768947006017e+00 4.010693291032407110e-27 2.691013551978853919e-27
7.138152700724472943e+00 3.898516993777577202e-27 2.647231333162480887e-27
7.209993457610560874e+00 5.125896925577844202e-27 2.606388071481670770e-27
7.282557243908652111e+00 5.006860606671612261e-27 2.569104375351934630e-27
7.355851336428639975e+00 5.447198225198382474e-27 2.536058930467403856e-27
7.429883085216668626e+00 5.901290077552277808e-27 2.507366455429283962e-27
7.504659914292203027e+00 6.903045532962887687e-27 2.482854789575974590e-27
7.580189322392528517e+00 6.962499937263648763e-27 2.461916456814853482e-27
7.656478883724727069e+00 5.690083187671420978e-27 2.443884692666564147e-27
7.733536248725243034e+00 7.017678812758867576e-27 2.428437429251422224e-27
7.811369144827072120e+00 8.468844975842695912e-27 2.414890921704250889e-27
7.889985377234665975e+00 7.696983901761387688e-27 2.402791215162250534e-27
7.969392829706678505e+00 1.110675587876901809e-26 2.392622512562597960e-27
8.049599465346544136e+00 1.282033304826950001e-26 2.384121748750650239e-27
8.130613327401031043e+00 1.531754298059833782e-26 2.377829934110036120e-27
8.212442540066838603e+00 1.529864942032334926e-26 2.373886600918813692e-27
8.295095309305308362e+00 1.742019241559748109e-26 2.373022271796708570e-27
8.378579923665309792e+00 1.755157261992057282e-26 2.375170812236816061e-27
8.462904755114436739e+00 1.790883337308849434e-26 2.380620559577470835e-27
8.548078259878579388e+00 1.793957738252543488e-26 2.389288520222803553e-27
8.634108979289907282e+00 1.970482758196674547e-26 2.401160215357311434e-27
8.721005540643410825e+00 1.999800159594959942e-26 2.415714862211655757e-27
8.808776658062068776e+00 2.033130238123113380e-26 2.432755130212465998e-27
8.897431133370709233e+00 2.140103511033748279e-26 2.452029617370481215e-27
8.986977856978677792e+00 2.208550457160807529e-26 2.473206690886016521e-27
9.077425808771357296e+00 2.235162266767755317e-26 2.496134675694437087e-27
9.168784059010707921e+00 2.323729414817609621e-26 2.520855691244678183e-27
9.261061769244845365e+00 2.361571071533049052e-26 2.547359063620628716e-27
9.354268193226760175e+00 2.222099919949083307e-26 2.575718147201926716e-27
9.448412677842322083e+00 1.461181175074188364e-26 2.605836868886763317e-27
9.543504664047580022e+00 1.671353632370436354e-26 2.639132837609592379e-27
9.639553687815530125e+00 1.537985232328776597e-26 2.674874427726216009e-27
9.736569381092376574e+00 1.732294246284110339e-26 2.713734926356090168e-27
9.834561472763468259e+00 1.958270984201616279e-26 2.755619370420112568e-27
9.933539789628898831e+00 2.379107663290139351e-26 2.800683034437307451e-27
1.003351425738896729e+01 2.751878481928962453e-26 2.848717904485489578e-27
1.013449490163955069e+01 2.965491870456504078e-26 2.899544837497472510e-27
1.023649184887746877e+01 3.020035701040566670e-26 2.953012986906054464e-27
1.033951532751600055e+01 3.115892057086053917e-26 3.009078859254003352e-27
1.044357566891059541e+01 3.181473790534746577e-26 3.067513708508732957e-27
1.054868330839490831e+01 3.207453745882340896e-26 3.128157255054332170e-27
1.065484878632729249e+01 3.303295675540454559e-26 3.190973407000198652e-27
1.076208274914780105e+01 3.329434609765104162e-26 3.255827284865906152e-27
1.087039595044581120e+01 3.364704575293502346e-26 3.322795725228811419e-27
1.097979925203842733e+01 3.406423740949230926e-26 3.391971830518023986e-27
1.109030362505972001e+01 3.516289421177593397e-26 3.463548577631769280e-27
1.120192015106091610e+01 3.537630931792320457e-26 3.537630931792320600e-27
1.131466002312166985e+01 3.548205165916569970e-26 3.614687726502280762e-27
1.142853454697254456e+01 3.609487324161524412e-26 3.694601900969272836e-27
1.154355514212876521e+01 3.687137258106980307e-26 3.777768005353340250e-27
1.165973334303537889e+01 3.707196000302599575e-26 3.864333864936785465e-27
1.177708080022393311e+01 3.668324410693554788e-26 3.954446923756403118e-27
1.189560928148084074e+01 3.797884257832637236e-26 4.048329808555162817e-27
1.201533067302744051e+01 3.892714395336174741e-26 4.145907322756429336e-27
1.213625698071197334e+01 3.882121945556485500e-26 4.247128931765249574e-27
1.225840033121355965e+01 3.899286894329213516e-26 4.352008762880417690e-27
1.238177297325828619e+01 3.900252133153739572e-26 4.460428522465078631e-27
1.250638727884750523e+01 3.699095340429930902e-26 4.572176028776205454e-27
1.263225574449854705e+01 3.852078166302822244e-26 4.687419813218376676e-27
1.275939099249784547e+01 3.959175133130955082e-26 4.805839816211431975e-27
1.288780577216676448e+01 3.921447225634580884e-26 4.927303764657306704e-27
1.301751296114010437e+01 3.952454491265645579e-26 5.051875818496421071e-27
1.314852556665747763e+01 3.858851007153405330e-26 5.179465836771311985e-27
1.328085672686771979e+01 3.450410309579609109e-26 5.310045391826238785e-27
1.341451971214639904e+01 3.147683720745862538e-26 5.443937013610394825e-27
1.354952792642657577e+01 2.733147686084772520e-26 5.581207413494652233e-27
1.368589490854296464e+01 2.780545435798078869e-26 5.722340759728883817e-27
1.382363433358965210e+01 2.752283095980999966e-26 5.867337288485459295e-27
1.396276001429144920e+01 2.423309100055572991e-26 6.016375383460551388e-27
1.410328590238903956e+01 2.220088990293921056e-26 6.169939140121539517e-27
1.424522609003810736e+01 1.931071322138022882e-26 6.328220834600455829e-27
1.438859481122250550e+01 1.868196791340830939e-26 6.491629268182784574e-27
1.453340644318165609e+01 1.929875855513961629e-26 6.660363566203129396e-27
1.467967550785232866e+01 2.029392393083464557e-26 6.834596170043824609e-27
1.482741667332491708e+01 2.092389161890379852e-26 7.014464497308611006e-27
1.497664475531439621e+01 2.431620248488414895e-26 7.200220868610901752e-27
1.512737471864604011e+01 2.154923580548994876e-26 7.391573389124985424e-27
1.527962167875614341e+01 2.110641582119047605e-26 7.588901968455074449e-27
