3.798363644187992882e+00 1.269908659906444714e-28 7.378736381618719382e-27
3.836591646665353128e+00 1.360124301374712813e-28 7.431233869961132020e-27
3.875204388549021495e+00 1.255689969729389885e-28 7.397073637807448373e-27
3.914205741985100406e+00 1.372707744662697639e-28 7.296198942298916266e-27
3.953599618090267942e+00 1.564249372460410508e-28 7.198030312725068002e-27
3.993389967343984548e+00 1.661007560107000419e-28 7.154112877779305416e-27
4.033580779984657028e+00 1.638984020771465529e-28 7.159925115524683555e-27
4.074176086409786457e+00 1.637384987323488661e-28 7.161225664565588923e-27
4.115179957580148873e+00 1.617850810021423299e-28 7.096857835098097738e-27
4.156596505428027832e+00 1.456194416374853177e-28 6.952808422062420757e-27
4.198429883269572116e+00 3.832154712567568906e-29 6.772843919218470785e-27
4.240684286221285682e+00 4.710513787342848859e-29 6.614961697863147624e-27
4.283363951620734689e+00 5.696064766066324804e-29 6.507371863777294295e-27
4.326473159451468931e+00 4.252310802378553905e-29 6.436504815384987010e-27
4.370016232772217180e+00 2.883135455776830947e-29 6.361224455758381922e-27
4.413997538150425726e+00 2.697845521180051834e-29 6.243159215192395709e-27
4.458421486100134778e+00 5.248293260220222177e-29 6.075818282372144711e-27
4.503292531524275333e+00 1.253268819567725217e-28 5.886864341362357265e-27
4.548615174161405150e+00 1.979743051933154621e-28 5.713177474995683407e-27
