3.798363644187992882e+00 2.168248344790412382e-28 9.943402547077295587e-27
3.836591646665353128e+00 2.400659274970488124e-28 1.001414731945958740e-26
3.875204388549021495e+00 2.300047746444207924e-28 9.968113907517798459e-27
3.914205741985100406e+00 2.547316435335636579e-28 9.832178123551065863e-27
3.953599618090267942e+00 2.920294702547252701e-28 9.699889135496991402e-27
3.993389967343984548e+00 3.135544631938484133e-28 9.640707544075209494e-27
4.033580779984657028e+00 3.130721666375701202e-28 9.648540134903460966e-27
4.074176086409786457e+00 3.159746838410201596e-28 9.650292940425667799e-27
4.115179957580148873e+00 3.147741538086850953e-28 9.563552593096537728e-27
4.156596505428027832e+00 2.851159411094549776e-28 9.369434834282500601e-27
4.198429883269572116e+00 5.916358063950417210e-29 9.126915210129281509e-27
4.240684286221285682e+00 5.124070569772120921e-29 8.914156525596435016e-27
4.283363951620734689e+00 6.115728080587428501e-29 8.769171170012248074e-27
4.326473159451468931e+00 4.429652846489405851e-29 8.673672430508035828e-27
4.370016232772217180e+00 3.097822249541023446e-29 8.572226522273172794e-27
4.413997538150425726e+00 3.274060400626649399e-29 8.413124904007329900e-27
4.458421486100134778e+00 8.292290405783516132e-29 8.187621404129794793e-27
4.503292531524275333e+00 2.226064955436388661e-28 7.932994401645764483e-27
4.548615174161405150e+00 3.558238901657102198e-28 7.698940752034418176e-27
