6.370197747002383615e+00 1.350197310743188290e-27 2.892639782960926793e-27
6.499017880738906960e+00 1.350104178334545692e-27 2.755400257152287511e-27
6.630443055561273447e+00 1.549170527176587952e-27 2.639039399492669125e-27
6.764525951426121786e+00 2.279698514845118281e-27 2.542238880474994844e-27
6.901320313600665557e+00 2.914712253350313815e-27 2.455754919833960232e-27
7.040880974205744991e+00 3.765628317862557127e-27 2.373437100420483597e-27
7.183263874194516063e+00 4.361525035072820614e-27 2.297035522981271982e-27
7.328526085775608045e+00 5.105361584131168682e-27 2.232261148971034424e-27
7.476725835289739663e+00 6.163548293256928079e-27 2.182338950848959359e-27
7.627922526548905680e+00 5.798995865527538619e-27 2.145607117431283034e-27
7.782176764647598333e+00 7.020848257890684656e-27 2.118153527475351172e-27
7.939550380255518292e+00 8.568954247413062370e-27 2.096828354869383246e-27
8.100106454401514000e+00 1.209593413797945289e-26 2.081728225340392091e-27
8.263909343758772508e+00 1.379177858154454607e-26 2.074849291331751171e-27
8.431024706441272443e+00 1.487888515929447028e-26 2.078576698242096614e-27
8.601519528321922792e+00 1.598598679949203487e-26 2.093598024136517397e-27
8.775462149882951479e+00 1.715700871103759454e-26 2.118697362754409699e-27
8.952922293609205440e+00 1.828359949247529585e-26 2.151794354982939890e-27
9.133971091935466191e+00 1.940183109711471891e-26 2.191338385995890663e-27
9.318681115758884914e+00 1.940465287164133169e-26 2.237088527204942287e-27
9.507126403528005198e+00 1.489699019224271289e-26 2.289966344389870144e-27
9.699382490920086752e+00 1.559905980629714784e-26 2.352237706289606307e-27
9.895526441118494887e+00 1.999225186277623441e-26 2.424994621158048431e-27
1.009563687570241797e+01 2.473659260008392189e-26 2.508248535542260281e-27
1.029979400616126028e+01 2.635478915735147637e-26 2.601062498596817699e-27
1.050807966604626742e+01 2.745009071333915425e-26 2.702398295271654039e-27
1.072057734377237992e+01 2.853827067253811996e-26 2.811293742880379171e-27
1.093737221608342836e+01 2.933491589279935123e-26 2.927493505386284545e-27
1.115855118219401909e+01 3.051721542640172195e-26 3.051721542640172267e-27
1.138420289862189350e+01 3.130232347112931158e-26 3.185473431396212040e-27
1.161441781472466417e+01 3.216751491883293344e-26 3.330013511573434093e-27
1.184928820895516210e+01 3.295956379200436209e-26 3.486758633049950028e-27
1.208890822585000890e+01 3.408804679335119739e-26 3.656336430258871535e-27
1.233337391376612224e+01 3.435990900379352019e-26 3.838576332915529443e-27
1.258278326338034958e+01 3.421502533193554225e-26 4.032858244299280034e-27
1.283723624696773058e+01 3.540082449886496530e-26 4.238463199439879334e-27
1.309683485847392781e+01 3.512712556408696914e-26 4.454741560016790746e-27
1.336168315439812915e+01 3.026709282982058868e-26 4.681655579287287869e-27
1.363188729550263645e+01 2.676764946897090151e-26 4.920308761631929494e-27
1.390755558936591285e+01 2.495491961122975018e-26 5.172218959039941089e-27
1.418879853379622524e+01 2.060368205416954253e-26 5.439122571053968584e-27
1.447572886112309121e+01 1.986739453095843280e-26 5.723213044079925580e-27
1.476846158338450188e+01 2.151152431623149705e-26 6.026094567217614051e-27
1.506711403842792230e+01 2.402516907331384762e-26 6.348834102581654622e-27
