6.370197747002383615e+00 1.350197310743188290e-27 1.446319891480463396e-27
6.499017880738906960e+00 1.350104178334545692e-27 1.377700128576143755e-27
6.630443055561273447e+00 1.549170527176587952e-27 1.319519699746334562e-27
6.764525951426121786e+00 2.279698514845118281e-27 1.271119440237497422e-27
6.901320313600665557e+00 2.914712253350313815e-27 1.227877459916980116e-27
7.040880974205744991e+00 3.765628317862557127e-27 1.186718550210241798e-27
7.183263874194516063e+00 4.361525035072820614e-27 1.148517761490635991e-27
7.328526085775608045e+00 5.105361584131168682e-27 1.116130574485517212e-27
7.476725835289739663e+00 6.163548293256928079e-27 1.091169475424479680e-27
7.627922526548905680e+00 5.798995865527538619e-27 1.072803558715641517e-27
7.782176764647598333e+00 7.020848257890684656e-27 1.059076763737675586e-27
7.939550380255518292e+00 8.568954247413062370e-27 1.048414177434691623e-27
8.100106454401514000e+00 1.209593413797945289e-26 1.040864112670196045e-27
8.263909343758772508e+00 1.379177858154454607e-26 1.037424645665875585e-27
8.431024706441272443e+00 1.487888515929447028e-26 1.039288349121048307e-27
8.601519528321922792e+00 1.598598679949203487e-26 1.046799012068258699e-27
8.775462149882951479e+00 1.715700871103759454e-26 1.059348681377204850e-27
8.952922293609205440e+00 1.828359949247529585e-26 1.075897177491469945e-27
9.133971091935466191e+00 1.940183109711471891e-26 1.095669192997945331e-27
9.318681115758884914e+00 1.940465287164133169e-26 1.118544263602471143e-27
9.507126403528005198e+00 1.489699019224271289e-26 1.144983172194935072e-27
9.699382490920086752e+00 1.559905980629714784e-26 1.176118853144803153e-27
9.895526441118494887e+00 1.999225186277623441e-26 1.212497310579024215e-27
1.009563687570241797e+01 2.473659260008392189e-26 1.254124267771130140e-27
1.029979400616126028e+01 2.635478915735147637e-26 1.300531249298408850e-27
1.050807966604626742e+01 2.745009071333915425e-26 1.351199147635827020e-27
1.072057734377237992e+01 2.853827067253811996e-26 1.405646871440189585e-27
1.093737221608342836e+01 2.933491589279935123e-26 1.463746752693142272e-27
1.115855118219401909e+01 3.051721542640172195e-26 1.525860771320086134e-27
1.138420289862189350e+01 3.130232347112931158e-26 1.592736715698106020e-27
1.161441781472466417e+01 3.216751491883293344e-26 1.665006755786717046e-27
1.184928820895516210e+01 3.295956379200436209e-26 1.743379316524975014e-27
1.208890822585000890e+01 3.408804679335119739e-26 1.828168215129435767e-27
1.233337391376612224e+01 3.435990900379352019e-26 1.919288166457764722e-27
1.258278326338034958e+01 3.421502533193554225e-26 2.016429122149640017e-27
1.283723624696773058e+01 3.540082449886496530e-26 2.119231599719939667e-27
1.309683485847392781e+01 3.512712556408696914e-26 2.227370780008395373e-27
1.336168315439812915e+01 3.026709282982058868e-26 2.340827789643643935e-27
1.363188729550263645e+01 2.676764946897090151e-26 2.460154380815964747e-27
1.390755558936591285e+01 2.495491961122975018e-26 2.586109479519970544e-27
1.418879853379622524e+01 2.060368205416954253e-26 2.719561285526984292e-27
1.447572886112309121e+01 1.986739453095843280e-26 2.861606522039962790e-27
1.476846158338450188e+01 2.151152431623149705e-26 3.013047283608807026e-27
1.506711403842792230e+01 2.402516907331384762e-26 3.174417051290827311e-27
