6.370197747002383615e+00 1.546227202504531843e-27 1.710545394491486850e-27
6.499017880738906960e+00 1.509158994978063751e-27 1.629388793088499401e-27
6.630443055561273447e+00 1.726018344039145894e-27 1.560580534807086398e-27
6.764525951426121786e+00 2.649205850629936518e-27 1.503345602119927241e-27
6.901320313600665557e+00 3.392157375332455776e-27 1.452208403374990600e-27
7.040880974205744991e+00 4.391756417207627719e-27 1.403536491009902039e-27
7.183263874194516063e+00 5.066484703345164240e-27 1.358360494259582656e-27
7.328526085775608045e+00 5.864919827657253421e-27 1.320059230981714301e-27
7.476725835289739663e+00 7.102236442114955955e-27 1.290545693418323527e-27
7.627922526548905680e+00 6.538844401075749282e-27 1.268817000220894427e-27
7.782176764647598333e+00 8.107947701893279455e-27 1.252596964958225207e-27
7.939550380255518292e+00 1.007314282957384200e-26 1.240003806227787800e-27
8.100106454401514000e+00 1.474988839930318780e-26 1.231121705587553269e-27
8.263909343758772508e+00 1.687311699035744042e-26 1.227071209757614828e-27
8.431024706441272443e+00 1.820555872585476734e-26 1.229284904979048807e-27
8.601519528321922792e+00 1.953050240163559899e-26 1.238175723343563190e-27
8.775462149882951479e+00 2.091434547881418273e-26 1.253025488700780576e-27
8.952922293609205440e+00 2.221972550498477147e-26 1.272602720252576178e-27
9.133971091935466191e+00 2.351867591428995611e-26 1.295991839691027205e-27
9.318681115758884914e+00 2.319519261572567356e-26 1.323030652696299253e-27
9.507126403528005198e+00 1.625065243410797719e-26 1.354204214491128500e-27
9.699382490920086752e+00 1.696306649587058505e-26 1.391027269945074090e-27
9.895526441118494887e+00 2.306195075086874463e-26 1.434112813339358013e-27
1.009563687570241797e+01 2.955934837232922165e-26 1.483404721273259360e-27
1.029979400616126028e+01 3.149034557138116448e-26 1.538296674130826692e-27
1.050807966604626742e+01 3.271049667243946193e-26 1.598220913049943677e-27
1.072057734377237992e+01 3.395340500862466729e-26 1.662616166909514832e-27
1.093737221608342836e+01 3.470831154028503647e-26 1.731324025283753812e-27
1.115855118219401909e+01 3.609574408404517904e-26 1.804787204202258880e-27
1.138420289862189350e+01 3.684699120243580901e-26 1.883874552586170334e-27
1.161441781472466417e+01 3.772929554729445767e-26 1.969343118327206178e-27
1.184928820895516210e+01 3.856590732295868121e-26 2.062029961628558453e-27
1.208890822585000890e+01 3.988931995482556680e-26 2.162309676791791146e-27
1.233337391376612224e+01 3.984391451947725146e-26 2.270062666356132778e-27
1.258278326338034958e+01 3.925311245879195172e-26 2.384933694607546226e-27
1.283723624696773058e+01 4.059105321048974033e-26 2.506516977236372623e-27
1.309683485847392781e+01 3.998448307685637205e-26 2.634399309964130409e-27
1.336168315439812915e+01 3.311417853785037711e-26 2.768529556564325629e-27
1.363188729550263645e+01 2.845679204927232619e-26 2.909625107276537100e-27
1.390755558936591285e+01 2.550330306843410252e-26 3.058562011343631523e-27
1.418879853379622524e+01 1.956506165607872731e-26 3.216356258646966804e-27
1.447572886112309121e+01 1.691525048148783538e-26 3.384308304100155017e-27
1.476846158338450188e+01 1.826050546571661705e-26 3.563409843450124347e-27
1.506711403842792230e+01 2.046008806640533877e-26 3.754254157987688330e-27
