6.370197747002383615e+00 1.286686465859920561e-27 1.295915113546416542e-27
6.499017880738906960e+00 1.280284358993578215e-27 1.234430928464663514e-27
6.630443055561273447e+00 1.475204840511497161e-27 1.182300537513249425e-27
6.764525951426121786e+00 2.230835474760558316e-27 1.138934082730351064e-27
6.901320313600665557e+00 2.843248924584768592e-27 1.100188169234897632e-27
7.040880974205744991e+00 3.661197780236775195e-27 1.063308385874054861e-27
7.183263874194516063e+00 4.213218229794936421e-27 1.029078762479359861e-27
7.328526085775608045e+00 4.765481073089390376e-27 1.000053731270393592e-27
7.476725835289739663e+00 5.545676438370470267e-27 9.776797879757980489e-28
7.627922526548905680e+00 5.104550757380794107e-27 9.612211913082721637e-28
7.782176764647598333e+00 6.052893428415380376e-27 9.489132155714467837e-28
7.939550380255518292e+00 7.511038551792498227e-27 9.393564987050623179e-28
8.100106454401514000e+00 1.071940730417587377e-26 9.325816290945623586e-28
8.263909343758772508e+00 1.224917722661344041e-26 9.294947573179159092e-28
8.431024706441272443e+00 1.315423176751204797e-26 9.311592100721211682e-28
8.601519528321922792e+00 1.408732365570166235e-26 9.378837855131695209e-28
8.775462149882951479e+00 1.511055141098516576e-26 9.491243455003141935e-28
8.952922293609205440e+00 1.608222470586853899e-26 9.639479117784949516e-28
9.133971091935466191e+00 1.707497655370701314e-26 9.816609493888280416e-28
9.318681115758884914e+00 1.696128068845991323e-26 1.002154895698813473e-27
9.507126403528005198e+00 1.157592637795081352e-26 1.025820369277583635e-27
9.699382490920086752e+00 1.207661605332200415e-26 1.053714383345445493e-27
9.895526441118494887e+00 1.686676706860810110e-26 1.086322850678776315e-27
1.009563687570241797e+01 2.192062876896448396e-26 1.123631228244981057e-27
1.029979400616126028e+01 2.351420019174955667e-26 1.165213352685233386e-27
1.050807966604626742e+01 2.452896672945390148e-26 1.210611924158699107e-27
1.072057734377237992e+01 2.550782090073926434e-26 1.259396676231969877e-27
1.093737221608342836e+01 2.628810170373832890e-26 1.311456265711352439e-27
1.115855118219401909e+01 2.734219817719595672e-26 1.367109908859797908e-27
1.138420289862189350e+01 2.813914160524700365e-26 1.427033705270878675e-27
1.161441781472466417e+01 2.902342033904291692e-26 1.491790761696303621e-27
1.184928820895516210e+01 2.980234343546886217e-26 1.562014934062242216e-27
1.208890822585000890e+01 3.085985756125396673e-26 1.637986906357227025e-27
1.233337391376612224e+01 3.122985323323747906e-26 1.719635136811760357e-27
1.258278326338034958e+01 3.122484049125340269e-26 1.806678943527940054e-27
1.283723624696773058e+01 3.229710532705593332e-26 1.898790285148482236e-27
1.309683485847392781e+01 3.197929856821865456e-26 1.995684799065101962e-27
1.336168315439812915e+01 2.729637838572547193e-26 2.097348336775086561e-27
1.363188729550263645e+01 2.364802681839824830e-26 2.204264849206284271e-27
1.390755558936591285e+01 2.135844696468973852e-26 2.317114772700714720e-27
1.418879853379622524e+01 1.691502205162652582e-26 2.436688928881013282e-27
1.447572886112309121e+01 1.482336979234201934e-26 2.563941327530990491e-27
1.476846158338450188e+01 1.560054986342330834e-26 2.699621388873826925e-27
1.506711403842792230e+01 1.757143575815326086e-26 2.844203785918873743e-27
