6.370197747002383615e+00 1.418218956551830659e-27 1.593329113195177394e-27
6.499017880738906960e+00 1.395554270997831012e-27 1.517734003704880464e-27
6.630443055561273447e+00 1.599619206077810684e-27 1.453640194981991421e-27
6.764525951426121786e+00 2.430679681851265153e-27 1.400323921592165609e-27
6.901320313600665557e+00 3.122975701626441265e-27 1.352688862713490028e-27
7.040880974205744991e+00 4.059980495757044450e-27 1.307349691451143677e-27
7.183263874194516063e+00 4.702713591031779266e-27 1.265267956836662456e-27
7.328526085775608045e+00 5.485374100950154157e-27 1.229590463139729867e-27
7.476725835289739663e+00 6.653955255429735140e-27 1.202096553856230816e-27
7.627922526548905680e+00 6.147096867431687524e-27 1.181858726567735138e-27
7.782176764647598333e+00 7.573600194763012353e-27 1.166744598351653805e-27
7.939550380255518292e+00 9.369351213469690325e-27 1.155007798863398956e-27
8.100106454401514000e+00 1.357594459402911445e-26 1.146716334458606811e-27
8.263909343758772508e+00 1.551265708552403439e-26 1.142936358743234833e-27
8.431024706441272443e+00 1.674166233931267639e-26 1.144994633272148440e-27
8.601519528321922792e+00 1.797949097598224009e-26 1.153273241807940347e-27
8.775462149882951479e+00 1.927684671099078108e-26 1.167102653393007586e-27
8.952922293609205440e+00 2.050954597407935786e-26 1.185336310680463438e-27
9.133971091935466191e+00 2.172755283211496535e-26 1.207120584935777619e-27
9.318681115758884914e+00 2.159609732411858477e-26 1.232314557127663810e-27
9.507126403528005198e+00 1.578437251106736755e-26 1.261393164861492876e-27
9.699382490920086752e+00 1.652693833321492327e-26 1.295694348384401580e-27
9.895526441118494887e+00 2.193683310910297235e-26 1.335804368339436658e-27
1.009563687570241797e+01 2.756555830059413662e-26 1.381690475139498388e-27
1.029979400616126028e+01 2.928418777913734523e-26 1.432815576788152624e-27
1.050807966604626742e+01 3.042075321356433806e-26 1.488632594651145123e-27
1.072057734377237992e+01 3.157323144454623802e-26 1.548614219972892112e-27
1.093737221608342836e+01 3.233009969507169206e-26 1.612615913866942729e-27
1.115855118219401909e+01 3.362088351507434667e-26 1.681044175753717477e-27
1.138420289862189350e+01 3.438052990658025988e-26 1.754714375402263091e-27
1.161441781472466417e+01 3.524401724433106421e-26 1.834327705382288960e-27
1.184928820895516210e+01 3.605092300375067179e-26 1.920664361221006183e-27
1.208890822585000890e+01 3.729219742858731034e-26 2.014072185100986090e-27
1.233337391376612224e+01 3.738009583763914220e-26 2.114446811363769818e-27
1.258278326338034958e+01 3.696956736095848361e-26 2.221452679806335403e-27
1.283723624696773058e+01 3.822936858193685427e-26 2.334704244734844842e-27
1.309683485847392781e+01 3.777706863633444135e-26 2.453828851572512623e-27
1.336168315439812915e+01 3.171307395749566651e-26 2.578788196888128191e-27
1.363188729550263645e+01 2.747085800122890902e-26 2.710225679827192093e-27
1.390755558936591285e+01 2.484851795155178497e-26 2.848964830266110883e-27
1.418879853379622524e+01 1.935116843643177337e-26 2.995956355216050670e-27
1.447572886112309121e+01 1.688590794489384303e-26 3.152403762536043196e-27
1.476846158338450188e+01 1.826867482166261099e-26 3.319233458939095400e-27
1.506711403842792230e+01 2.064560959610510688e-26 3.497004035262334498e-27
