1.000000000000000000e+03 9.455570439897949264e-02 7.183510640902324856e-03
9.250000000000000000e+02 9.163835585258424399e-02 7.680255522179538739e-03
8.500000000000000000e+02 8.777755320497068747e-02 7.527722207803635122e-03
7.000000000000000000e+02 7.947620765366683604e-02 7.213946513307614890e-03
6.000000000000000000e+02 7.466211832183239361e-02 7.161053659084933021e-03
5.000000000000000000e+02 7.094732392535102461e-02 7.092001636187993466e-03
4.000000000000000000e+02 6.721185543119384542e-02 6.770762824850692571e-03
3.000000000000000000e+02 6.207350822392920797e-02 5.760380945589857124e-03
2.500000000000000000e+02 5.807095976605335108e-02 4.973505831240747702e-03
2.000000000000000000e+02 5.239151984599085821e-02 4.097249474565340874e-03
1.500000000000000000e+02 4.439901130149243730e-02 3.133997339625331675e-03
1.000000000000000000e+02 3.338315992725535142e-02 1.959826198127551707e-03
7.000000000000000000e+01 2.550450220118243017e-02 1.217390279656762643e-03
5.000000000000000000e+01 2.053961849561482603e-02 9.173869455209388490e-04
3.000000000000000000e+01 1.648163922380405447e-02 7.397933959747857125e-04
2.000000000000000000e+01 1.535002984119613473e-02 7.054148194165619666e-04
1.500000000000000000e+01 1.536934433501499324e-02 7.524165702226238940e-04
1.000000000000000000e+01 1.617290682137414656e-02 7.570270914798080640e-04
7.000000000000000000e+00 1.744710907640702885e-02 6.623782253491908387e-04
5.000000000000000000e+00 1.912515876176411680e-02 5.560636770763476575e-04
3.000000000000000000e+00 2.272532428889769904e-02 5.098461992144225161e-04
2.000000000000000000e+00 2.672751803284132907e-02 5.975191353084041528e-04
1.500000000000000000e+00 3.035055757685090408e-02 6.813506175743258260e-04
1.000000000000000000e+00 3.687579295686905373e-02 7.761923013585016141e-04
