1.000000000000000000e+03 5.818008574253957094e-02 4.674365023082205188e-03
9.250000000000000000e+02 5.656446713417261074e-02 4.945056930880259785e-03
8.500000000000000000e+02 5.503532803560086395e-02 4.942457280704193323e-03
7.000000000000000000e+02 5.207005118674322419e-02 4.882032241370734722e-03
6.000000000000000000e+02 5.058296953133718105e-02 4.910037472529740939e-03
5.000000000000000000e+02 4.929858008189086371e-02 4.831944446149621930e-03
4.000000000000000000e+02 4.847042232762733410e-02 4.690515466112415294e-03
3.000000000000000000e+02 4.743904805568248395e-02 4.303127915041277465e-03
2.500000000000000000e+02 4.620943557584977768e-02 3.980981259623416271e-03
2.000000000000000000e+02 4.376153417214598274e-02 3.535618660083790499e-03
1.500000000000000000e+02 3.916783594237584903e-02 2.893472388163555783e-03
1.000000000000000000e+02 3.105761572169558893e-02 1.907993766596150246e-03
7.000000000000000000e+01 2.420973555876190786e-02 1.163725428790297976e-03
5.000000000000000000e+01 1.953322738053432997e-02 8.115379372134190472e-04
3.000000000000000000e+01 1.550694804060107068e-02 5.921595559407258347e-04
2.000000000000000000e+01 1.426714399950908610e-02 4.708493134955275155e-04
1.500000000000000000e+01 1.417670688199607933e-02 4.209345006447143571e-04
1.000000000000000000e+01 1.489449842270005112e-02 3.953873514811030395e-04
7.000000000000000000e+00 1.621514539717502229e-02 3.881092487968135349e-04
5.000000000000000000e+00 1.801932839410137419e-02 3.845627777710049580e-04
3.000000000000000000e+00 2.188477159410145631e-02 4.051756141170447293e-04
2.000000000000000000e+00 2.611758724430879308e-02 4.599488908433935273e-04
1.500000000000000000e+00 2.990072169461983204e-02 5.139289937277701859e-04
1.000000000000000000e+00 3.663419759449928342e-02 5.930005127050802082e-04
