1.000000000000000000e+03 1.277108069326260698e-01 8.990115742468492849e-03
9.250000000000000000e+02 1.215643536853608375e-01 9.555408442876689792e-03
8.500000000000000000e+02 1.153078481198687721e-01 9.313476070848007368e-03
7.000000000000000000e+02 1.034823924740440187e-01 8.812422376753198394e-03
6.000000000000000000e+02 9.622518828010440117e-02 8.631554290643569591e-03
5.000000000000000000e+02 8.936792617347093237e-02 8.462259502891991692e-03
4.000000000000000000e+02 8.230809725596932580e-02 7.948369112146910082e-03
3.000000000000000000e+02 7.318950351915830266e-02 6.525189810539072308e-03
2.500000000000000000e+02 6.678023962930981772e-02 5.435487795148473238e-03
2.000000000000000000e+02 5.844078788438666905e-02 4.266818388360820412e-03
1.500000000000000000e+02 4.777587427797901076e-02 3.090497797920200174e-03
1.000000000000000000e+02 3.470278775412375533e-02 1.837770825013314898e-03
7.000000000000000000e+01 2.633590769017272668e-02 1.186583778200119314e-03
5.000000000000000000e+01 2.136403662748811300e-02 9.791152320458333062e-04
3.000000000000000000e+01 1.738183797710341622e-02 8.538278721439961647e-04
2.000000000000000000e+01 1.630079301320981264e-02 8.750678059485692646e-04
1.500000000000000000e+01 1.637449421089319512e-02 9.710295836555220142e-04
1.000000000000000000e+01 1.722540099921497647e-02 9.865020206076642248e-04
7.000000000000000000e+00 1.847060361367638265e-02 8.439164777985656883e-04
5.000000000000000000e+00 2.007039601923187380e-02 6.787757728697584860e-04
3.000000000000000000e+00 2.349936997897664540e-02 5.979910226209744035e-04
2.000000000000000000e+00 2.733555281106601204e-02 7.198268754735551037e-04
1.500000000000000000e+00 3.082636453914285729e-02 8.311397302318757800e-04
1.000000000000000000e+00 3.714939823075483205e-02 9.432234724547238673e-04
