1.000000000000000000e+03 6.728374633948061567e-02 4.400862931201712271e-03
9.250000000000000000e+02 6.474938356397644257e-02 4.729052672436692348e-03
8.500000000000000000e+02 6.269969446476979236e-02 4.653028710004348742e-03
7.000000000000000000e+02 5.972870921178922987e-02 4.645547943653973409e-03
6.000000000000000000e+02 5.893529658047381992e-02 5.153850650712478443e-03
5.000000000000000000e+02 5.641692190213364044e-02 4.702555164969150076e-03
4.000000000000000000e+02 5.417968967418260867e-02 4.377473678396163678e-03
3.000000000000000000e+02 5.149488808746015972e-02 4.113200097260723796e-03
2.500000000000000000e+02 4.917245559436057151e-02 3.904625793450284751e-03
2.000000000000000000e+02 4.532357832708532736e-02 3.516125746605494162e-03
1.500000000000000000e+02 3.911225282488848404e-02 2.811514923859956185e-03
1.000000000000000000e+02 3.000304886248590652e-02 1.713916160006176068e-03
7.000000000000000000e+01 2.363642961807229867e-02 1.036282196939831328e-03
5.000000000000000000e+01 1.982012723305875621e-02 8.225097871759084632e-04
3.000000000000000000e+01 1.723156128022759401e-02 7.882357266520626090e-04
2.000000000000000000e+01 1.712781858323331879e-02 8.952242817772006591e-04
1.500000000000000000e+01 1.781518639676674814e-02 1.064255776696777485e-03
1.000000000000000000e+01 1.920825275528970089e-02 1.130123829023896428e-03
7.000000000000000000e+00 2.050599316091262017e-02 9.772632109396586688e-04
5.000000000000000000e+00 2.191382179367681871e-02 8.408620809320063770e-04
3.000000000000000000e+00 2.489828229091733611e-02 9.107236860916974536e-04
2.000000000000000000e+00 2.836577989785526999e-02 1.113364735895205817e-03
1.500000000000000000e+00 3.161597129621657870e-02 1.247789390120401711e-03
1.000000000000000000e+00 3.766517298099441441e-02 1.363438215183135436e-03
