1.000000000000000000e+03 7.907506099384792320e-02 5.124011072250988542e-03
9.250000000000000000e+02 7.718831780763164840e-02 6.561693018101915319e-03
8.500000000000000000e+02 7.494056737547204194e-02 6.851806919018550712e-03
7.000000000000000000e+02 7.069087211218057221e-02 6.959869431479978955e-03
6.000000000000000000e+02 6.875717994697470858e-02 7.368486453448148434e-03
5.000000000000000000e+02 6.667591362191002680e-02 7.447480777886564436e-03
4.000000000000000000e+02 6.464815979603549811e-02 7.285829959424977575e-03
3.000000000000000000e+02 6.128622678966658133e-02 6.427286658946561315e-03
2.500000000000000000e+02 5.797180616294311112e-02 5.658324286400237026e-03
2.000000000000000000e+02 5.261255303508400455e-02 4.670591144790479932e-03
1.500000000000000000e+02 4.452215072732003398e-02 3.465655734708671717e-03
1.000000000000000000e+02 3.339090940806739571e-02 2.059210825540224409e-03
7.000000000000000000e+01 2.579358458268450269e-02 1.261541059226669714e-03
5.000000000000000000e+01 2.106088335065673528e-02 9.078424644503015279e-04
3.000000000000000000e+01 1.729401713016706296e-02 7.110570151876332342e-04
2.000000000000000000e+01 1.637257622877441587e-02 7.207132499163358859e-04
1.500000000000000000e+01 1.651881082683948065e-02 8.135166288743772914e-04
1.000000000000000000e+01 1.739090858275188500e-02 8.474765204850172838e-04
7.000000000000000000e+00 1.857383110517463881e-02 7.416092692002715109e-04
5.000000000000000000e+00 2.009240224122436913e-02 6.479366702399728950e-04
3.000000000000000000e+00 2.344290984547004950e-02 6.882979634927094848e-04
2.000000000000000000e+00 2.727777567237651274e-02 8.251980753716265521e-04
1.500000000000000000e+00 3.080066457032498359e-02 9.206504126122490176e-04
1.000000000000000000e+00 3.721112102730416565e-02 1.009938819871434353e-03
