1.000000000000000000e+03 9.114426411486876989e-02 5.635383765638370297e-03
9.250000000000000000e+02 8.844222089279317467e-02 8.019767123704708497e-03
8.500000000000000000e+02 8.570793100293885858e-02 8.565473962202625399e-03
7.000000000000000000e+02 8.066236453342300050e-02 8.803077323529051937e-03
6.000000000000000000e+02 7.793421794306934491e-02 9.227681142117435606e-03
5.000000000000000000e+02 7.570681307729389131e-02 9.586171018975372590e-03
4.000000000000000000e+02 7.333293745602896541e-02 9.469447927609418725e-03
3.000000000000000000e+02 6.896549310635895214e-02 8.172925725274369363e-03
2.500000000000000000e+02 6.470579598222812867e-02 6.988428603380504936e-03
2.000000000000000000e+02 5.809248743834082018e-02 5.536421888358013590e-03
1.500000000000000000e+02 4.858827420666083502e-02 3.931565146759418566e-03
1.000000000000000000e+02 3.606996262491814903e-02 2.284558193598863404e-03
7.000000000000000000e+01 2.765080990973905681e-02 1.410167753394462415e-03
5.000000000000000000e+01 2.221316317332474449e-02 9.641721652305678455e-04
3.000000000000000000e+01 1.734621340697423131e-02 6.233257673126592520e-04
2.000000000000000000e+01 1.556237278644514305e-02 4.898446026119198044e-04
1.500000000000000000e+01 1.512879230857877046e-02 4.397680647946590536e-04
1.000000000000000000e+01 1.545713811844092074e-02 4.047814451788778103e-04
7.000000000000000000e+00 1.654345193610393810e-02 3.916780469375397513e-04
5.000000000000000000e+00 1.821758721923792332e-02 3.907772576683924033e-04
3.000000000000000000e+00 2.202592424898940776e-02 4.172022236757309127e-04
2.000000000000000000e+00 2.629466171971979460e-02 4.632470354397081528e-04
1.500000000000000000e+00 3.012088335145815879e-02 5.040090527749731177e-04
1.000000000000000000e+00 3.690532199576999905e-02 5.623746079852391189e-04
