3.798363644187992882e+00 2.803960503230984616e-28 4.854337141444924390e-27
3.836591646665353128e+00 3.054441235974650088e-28 4.888874551605158698e-27
3.875204388549021495e+00 2.820842495018597436e-28 4.866401014118010775e-27
3.914205741985100406e+00 3.076458969212997762e-28 4.800037634090729139e-27
3.953599618090267942e+00 3.479929759203817021e-28 4.735454641990657400e-27
3.993389967343984548e+00 3.659087879445959458e-28 4.706562345371053241e-27
4.033580779984657028e+00 3.557090193616784878e-28 4.710386059210106946e-27
4.074176086409786457e+00 3.504674147679927624e-28 4.711241660532368464e-27
4.115179957580148873e+00 3.410241852668176329e-28 4.668895187381239554e-27
4.156596505428027832e+00 2.999981521902261967e-28 4.574127358592026104e-27
4.198429883269572116e+00 6.695580375507626797e-29 4.455729964910281585e-27
4.240684286221285682e+00 7.868052127110992628e-29 4.351862210098990846e-27
4.283363951620734689e+00 9.501301739396787866e-29 4.281080957496915632e-27
4.326473159451468931e+00 7.035134760087886624e-29 4.234458665654954686e-27
4.370016232772217180e+00 4.692199024329316859e-29 4.184932938104143157e-27
4.413997538150425726e+00 4.357462644960069755e-29 4.107259966148633667e-27
4.458421486100134778e+00 8.528915305073255614e-29 3.997169748576912162e-27
4.503292531524275333e+00 2.202129328659844420e-28 3.872861598735507960e-27
4.548615174161405150e+00 3.528298863047421873e-28 3.758597368641788885e-27
