3.798363644187992882e+00 1.148184723359164072e-28 7.540858772770942353e-27
3.836591646665353128e+00 1.251315370663087476e-28 7.594509737575586885e-27
3.875204388549021495e+00 1.192114361941555893e-28 7.559599048435959705e-27
3.914205741985100406e+00 1.316732552381617110e-28 7.456507990079226782e-27
3.953599618090267942e+00 1.512476345071330744e-28 7.356182446643609212e-27
3.993389967343984548e+00 1.628573065635216870e-28 7.311300118499261594e-27
4.033580779984657028e+00 1.634615143745442671e-28 7.317240125996755629e-27
4.074176086409786457e+00 1.656946162729947623e-28 7.318569308855051910e-27
4.115179957580148873e+00 1.658008717690076323e-28 7.252787267808708283e-27
4.156596505428027832e+00 1.510336634510831669e-28 7.105572895449944533e-27
4.198429883269572116e+00 3.623985197493893611e-29 6.921654092841540665e-27
4.240684286221285682e+00 3.796613757802000778e-29 6.760302761419933556e-27
4.283363951620734689e+00 4.641882112724026781e-29 6.650348964469055181e-27
4.326473159451468931e+00 3.430997155765307803e-29 6.577924910247311136e-27
4.370016232772217180e+00 2.402947533719563685e-29 6.500990610292286966e-27
4.413997538150425726e+00 2.313196665874120718e-29 6.380331311822796988e-27
4.458421486100134778e+00 5.169110359984856970e-29 6.209313717244025993e-27
4.503292531524275333e+00 1.297434580829648480e-28 6.016208307320878464e-27
4.548615174161405150e+00 2.074951851344019043e-28 5.838705415078265394e-27
