6.266836452195098772e+00 1.636978833661501626e-27 1.304975258999571389e-27
6.329907990852620792e+00 1.516473223307737836e-27 1.273147480665184294e-27
6.393614302576105857e+00 1.037812687780037501e-27 1.241762700588160138e-27
6.457961775934053961e+00 1.182618434588436451e-27 1.211758123461187357e-27
6.522956863791657511e+00 1.218738676311616995e-27 1.183844969122027294e-27
6.588606083957897042e+00 1.301936060805854807e-27 1.158382267965007559e-27
6.654916019839175689e+00 1.369292873784164274e-27 1.135311137243191851e-27
6.721893321099498664e+00 2.065030731342228885e-27 1.114264087518396375e-27
6.789544704327308722e+00 2.178898812538300626e-27 1.094654038155378920e-27
6.857876953709047818e+00 2.102190784235216969e-27 1.075943545169912015e-27
6.926896921709476018e+00 3.125726692174967430e-27 1.057777604009329784e-27
6.996611529758846260e+00 3.050464887515447265e-27 1.039946653784796104e-27
7.067027768947006017e+00 3.559309359084567937e-27 1.022592829868352661e-27
7.138152700724472943e+00 3.483716004284035301e-27 1.005956195792506914e-27
7.209993457610560874e+00 4.513439032881365367e-27 9.904297131705253733e-28
7.282557243908652111e+00 4.412199251313950149e-27 9.762620218604259387e-28
7.355851336428639975e+00 4.636714566047232946e-27 9.636981426803644099e-28
7.429883085216668626e+00 4.856524953708165115e-27 9.527878134252875264e-28
7.504659914292203027e+00 5.561099010238410427e-27 9.434643055162653765e-28
7.580189322392528517e+00 5.848056318126246231e-27 9.355140695961641105e-28
7.656478883724727069e+00 4.422047524701280310e-27 9.286571503303968213e-28
7.733536248725243034e+00 5.354637238507662966e-27 9.227751696207974467e-28
7.811369144827072120e+00 6.352753448116049364e-27 9.176137147302378199e-28
7.889985377234665975e+00 6.057547366111550565e-27 9.130298415083119698e-28
7.969392829706678505e+00 8.259866493252788731e-27 9.091294349847940397e-28
8.049599465346544136e+00 9.463838712672728156e-27 9.058837764528263682e-28
8.130613327401031043e+00 1.094037768244053341e-26 9.034623117817003987e-28
8.212442540066838603e+00 1.123749983201975772e-26 9.019734020368316142e-28
8.295095309305308362e+00 1.228080700400898808e-26 9.016129414446382353e-28
8.378579923665309792e+00 1.252536947205453601e-26 9.024330919303352384e-28
8.462904755114436739e+00 1.279450778177798658e-26 9.045017899909037120e-28
8.548078259878579388e+00 1.307626312596404565e-26 9.078035656237038012e-28
8.634108979289907282e+00 1.383524501485057409e-26 9.122856612630444044e-28
8.721005540643410825e+00 1.424796001249731326e-26 9.178207336686637963e-28
8.808776658062068776e+00 1.466116443653592669e-26 9.242992682548226216e-28
8.897431133370709233e+00 1.523249738312950902e-26 9.316100537044777434e-28
8.986977856978677792e+00 1.576801306782314348e-26 9.396542428701244566e-28
9.077425808771357296e+00 1.612775153616003186e-26 9.483709513397989198e-28
9.168784059010707921e+00 1.664724200567287304e-26 9.577559695061237890e-28
9.261061769244845365e+00 1.702982645860349890e-26 9.678290663616552882e-28
9.354268193226760175e+00 1.631612084450540722e-26 9.786264582355923725e-28
9.448412677842322083e+00 1.100673388959735606e-26 9.901373342233620465e-28
9.543504664047580022e+00 1.241536212797909326e-26 1.002771882858672983e-27
9.639553687815530125e+00 1.151572669499704926e-26 1.016366973461305415e-27
9.736569381092376574e+00 1.300079420296716229e-26 1.031122933614265598e-27
9.834561472763468259e+00 1.471976210879824042e-26 1.047026068820352778e-27
9.933539789628898831e+00 1.780596407635570024e-26 1.064122253771236156e-27
1.003351425738896729e+01 2.045232832416103557e-26 1.082349235909844615e-27
1.013449490163955069e+01 2.195110071973480812e-26 1.101649356422547623e-27
1.023649184887746877e+01 2.254306629184897677e-26 1.121971067983655108e-27
1.033951532751600055e+01 2.319896634804868674e-26 1.143271085837321171e-27
1.044357566891059541e+01 2.376389968764570595e-26 1.165476842855794285e-27
1.054868330839490831e+01 2.408806287087200558e-26 1.188525847512482245e-27
1.065484878632729249e+01 2.473243671925076253e-26 1.212391203805581868e-27
1.076208274914780105e+01 2.505452245762887778e-26 1.237040173137913176e-27
1.087039595044581120e+01 2.544969194001804695e-26 1.262492242408784657e-27
1.097979925203842733e+01 2.589399600832415190e-26 1.288782866537899896e-27
1.109030362505972001e+01 2.657725226405910917e-26 1.315975470995996129e-27
1.120192015106091610e+01 2.688264178973902539e-26 1.344132089486951341e-27
1.131466002312166985e+01 2.721609515999936703e-26 1.373422018607381000e-27
1.142853454697254456e+01 2.772551079295017029e-26 1.403790218667604384e-27
1.154355514212876521e+01 2.830907859172244132e-26 1.435392235919444348e-27
1.165973334303537889e+01 2.868025934407856458e-26 1.468294142565639709e-27
1.177708080022393311e+01 2.872673372065044561e-26 1.502549529360626008e-27
1.189560928148084074e+01 2.954632765321177097e-26 1.538217947662512635e-27
1.201533067302744051e+01 3.018080887159011019e-26 1.575293955099700457e-27
1.213625698071197334e+01 3.040503953775260127e-26 1.613768116317979613e-27
1.225840033121355965e+01 3.068605779073284238e-26 1.653627730927675472e-27
1.238177297325828619e+01 3.090155804652803164e-26 1.694834384318296163e-27
1.250638727884750523e+01 3.029157590255433853e-26 1.737329104812063015e-27
1.263225574449854705e+01 3.092707380646610960e-26 1.781106895766401441e-27
1.275939099249784547e+01 3.175446492117964111e-26 1.826104641174384249e-27
1.288780577216676448e+01 3.183035913885353504e-26 1.872272450655003305e-27
1.301751296114010437e+01 3.200741887443480555e-26 1.919610124221295650e-27
1.314852556665747763e+01 3.135020668943504562e-26 1.968102314138037504e-27
1.328085672686771979e+01 2.899870373242072181e-26 2.017756948124059880e-27
1.341451971214639904e+01 2.663214795920680704e-26 2.068650012874376344e-27
1.354952792642657577e+01 2.328797465902372998e-26 2.120829204659141586e-27
1.368589490854296464e+01 2.375677089832216591e-26 2.174461802063133202e-27
1.382363433358965210e+01 2.322837721920341962e-26 2.229558255902676351e-27
1.396276001429144920e+01 2.088524312018558541e-26 2.286211012186269433e-27
1.410328590238903956e+01 1.920494061803645769e-26 2.344573080521540124e-27
1.424522609003810736e+01 1.675030237967475969e-26 2.404729225725750433e-27
1.438859481122250550e+01 1.602232447775133258e-26 2.466824575399139529e-27
1.453340644318165609e+01 1.632329956888609474e-26 2.530940303024835292e-27
1.467967550785232866e+01 1.697867119574932099e-26 2.597145156124947833e-27
1.482741667332491708e+01 1.749100364118645416e-26 2.665495264907958370e-27
1.497664475531439621e+01 2.033269756337166685e-26 2.736076123227864822e-27
1.512737471864604011e+01 1.810974950821969980e-26 2.808800686064581677e-27
1.527962167875614341e+01 1.782349177316187274e-26 2.883790056943344045e-27
