6.266836452195098772e+00 1.987435771037598696e-27 1.638621420595235015e-27
6.329907990852620792e+00 1.824557996119196380e-27 1.598655234068297906e-27
6.393614302576105857e+00 1.192100490111107358e-27 1.559241737945457613e-27
6.457961775934053961e+00 1.363794545289010349e-27 1.521566985275479463e-27
6.522956863791657511e+00 1.394791987487710279e-27 1.486517340910165916e-27
6.588606083957897042e+00 1.482339341421040546e-27 1.454544951709134217e-27
6.654916019839175689e+00 1.556486561287210677e-27 1.425575658531618750e-27
6.721893321099498664e+00 2.414317904985063139e-27 1.399153155572287121e-27
6.789544704327308722e+00 2.541674968123306228e-27 1.374530120001206182e-27
6.857876953709047818e+00 2.425413539484304521e-27 1.351034806020383000e-27
6.926896921709476018e+00 3.694100384719951404e-27 1.328233120864192602e-27
6.996611529758846260e+00 3.563111770945611718e-27 1.305841669533675921e-27
7.067027768947006017e+00 4.193938525725258554e-27 1.284055563828816874e-27
7.138152700724472943e+00 4.074859177037525714e-27 1.263164161760776864e-27
7.209993457610560874e+00 5.364948433015039294e-27 1.243677609576420930e-27
7.282557243908652111e+00 5.225426231204286410e-27 1.225886567829335916e-27
7.355851336428639975e+00 5.598983478395899737e-27 1.210116162930695638e-27
7.429883085216668626e+00 5.980527985344415191e-27 1.196422587034181246e-27
7.504659914292203027e+00 6.926886289720069014e-27 1.184724532640367498e-27
7.580189322392528517e+00 7.134519237027079143e-27 1.174739046763309881e-27
7.656478883724727069e+00 5.528431038207341189e-27 1.166122598732378036e-27
7.733536248725243034e+00 6.810028995692548741e-27 1.158750010894962759e-27
7.811369144827072120e+00 8.175995188497297845e-27 1.152282916628178589e-27
7.889985377234665975e+00 7.569416999614093173e-27 1.146515579003818736e-27
7.969392829706678505e+00 1.066272986175703942e-26 1.141651556286537563e-27
8.049599465346544136e+00 1.228786111621640387e-26 1.137591981761857148e-27
8.130613327401031043e+00 1.447885671178298674e-26 1.134578261433987912e-27
8.212442540066838603e+00 1.462983669904020712e-26 1.132703066108286806e-27
8.295095309305308362e+00 1.638877722866049418e-26 1.132277083541715805e-27
8.378579923665309792e+00 1.658917946701022477e-26 1.133304947724347797e-27
8.462904755114436739e+00 1.693266827712901033e-26 1.135904934952717743e-27
8.548078259878579388e+00 1.709165532528733770e-26 1.140045835190639502e-27
8.634108979289907282e+00 1.850898459321119232e-26 1.145697756948969121e-27
8.721005540643410825e+00 1.888274114055542749e-26 1.152645830655660382e-27
8.808776658062068776e+00 1.928858840222626594e-26 1.160779651251027376e-27
8.897431133370709233e+00 2.022470548533559220e-26 1.169972011020466249e-27
8.986977856978677792e+00 2.086553793876019581e-26 1.180075568712752600e-27
9.077425808771357296e+00 2.118544592397725740e-26 1.191018165226669938e-27
9.168784059010707921e+00 2.197654962140409305e-26 1.202811006562759107e-27
9.261061769244845365e+00 2.238410593691906579e-26 1.215458801986726212e-27
9.354268193226760175e+00 2.139656886281302596e-26 1.229005416193946565e-27
9.448412677842322083e+00 1.485572106368445539e-26 1.243414546505980641e-27
9.543504664047580022e+00 1.666971578629490671e-26 1.259292063970017586e-27
9.639553687815530125e+00 1.550967428608188342e-26 1.276352560380527863e-27
9.736569381092376574e+00 1.750632026849209568e-26 1.294897082812120907e-27
9.834561472763468259e+00 1.966076420788925170e-26 1.314879138478168208e-27
9.933539789628898831e+00 2.334492523318829780e-26 1.336364340086388092e-27
1.003351425738896729e+01 2.648082167226068134e-26 1.359265437962487513e-27
1.013449490163955069e+01 2.826524774396525462e-26 1.383507040442526074e-27
1.023649184887746877e+01 2.877054748855379670e-26 1.409019213413072323e-27
1.033951532751600055e+01 2.960847435833846660e-26 1.435768395355433452e-27
1.044357566891059541e+01 3.023475393264288405e-26 1.463650923029659062e-27
1.054868330839490831e+01 3.052071317687952695e-26 1.492589116759343446e-27
1.065484878632729249e+01 3.137206487901021183e-26 1.522559894805756997e-27
1.076208274914780105e+01 3.165486990275425116e-26 1.553506979791118514e-27
1.087039595044581120e+01 3.204041045500021325e-26 1.585463384130380325e-27
1.097979925203842733e+01 3.251509826437854341e-26 1.618473907711463745e-27
1.109030362505972001e+01 3.347615232628156926e-26 1.652624197625695116e-27
1.120192015106091610e+01 3.375952278440104887e-26 1.687976139220052300e-27
1.131466002312166985e+01 3.397115099500534821e-26 1.724748333176577493e-27
1.142853454697254456e+01 3.455543931315831450e-26 1.762880108952540978e-27
1.154355514212876521e+01 3.524464894074029524e-26 1.802561973340672887e-27
1.165973334303537889e+01 3.549945607679365258e-26 1.843869980023089627e-27
1.177708080022393311e+01 3.526934061566154520e-26 1.886873329290624423e-27
1.189560928148084074e+01 3.638578870104640288e-26 1.931666417691524404e-27
1.201533067302744051e+01 3.721671647171762376e-26 1.978224174535295656e-27
1.213625698071197334e+01 3.725741965924821590e-26 2.026527641123436396e-27
1.225840033121355965e+01 3.748280487715640776e-26 2.076574195833786131e-27
1.238177297325828619e+01 3.759241049111474723e-26 2.128310987834726299e-27
1.250638727884750523e+01 3.617571399946864327e-26 2.181647865763858639e-27
1.263225574449854705e+01 3.732111348408597702e-26 2.236628652596709924e-27
1.275939099249784547e+01 3.832177671794540659e-26 2.293132847999888916e-27
1.288780577216676448e+01 3.814528368732496872e-26 2.351096006959267983e-27
1.301751296114010437e+01 3.838548422386172917e-26 2.410535731920233832e-27
1.314852556665747763e+01 3.750157377587224774e-26 2.471418388986121459e-27
1.328085672686771979e+01 3.399098487157205269e-26 2.533739466381871138e-27
1.341451971214639904e+01 3.100617204132615154e-26 2.597628559958773723e-27
1.354952792642657577e+01 2.683748028071726341e-26 2.663128380961486579e-27
1.368589490854296464e+01 2.736297538191765730e-26 2.730473114199705847e-27
1.382363433358965210e+01 2.671363863690230918e-26 2.799652082027901022e-27
1.396276001429144920e+01 2.359396491645479659e-26 2.870771258934959934e-27
1.410328590238903956e+01 2.145453427893338866e-26 2.944043934217880666e-27
1.424522609003810736e+01 1.793772355568286695e-26 3.019557017475067479e-27
1.438859481122250550e+01 1.664138376643282755e-26 3.097515865535795733e-27
1.453340644318165609e+01 1.693402027116419453e-26 3.178023353816539995e-27
1.467967550785232866e+01 1.794953235600672804e-26 3.261161514072406301e-27
1.482741667332491708e+01 1.861954995415088460e-26 3.346989193350643209e-27
1.497664475531439621e+01 2.214278092906934401e-26 3.435628176498361343e-27
1.512737471864604011e+01 1.924100048459364133e-26 3.526932188771243417e-27
1.527962167875614341e+01 1.872089632128399314e-26 3.621088902784922911e-27
