6.266836452195098772e+00 1.775354651367378748e-27 2.667302269288837946e-27
6.329907990852620792e+00 1.638827418890673442e-27 2.602247370864394705e-27
6.393614302576105857e+00 1.086608575016361224e-27 2.538094946346204878e-27
6.457961775934053961e+00 1.248576223761199380e-27 2.476768218812223455e-27
6.522956863791657511e+00 1.280889235514041432e-27 2.419715156009241945e-27
6.588606083957897042e+00 1.366602515280217905e-27 2.367671014459356138e-27
6.654916019839175689e+00 1.436007585547690501e-27 2.320515086431133215e-27
6.721893321099498664e+00 2.215225739200635207e-27 2.277500721756036514e-27
6.789544704327308722e+00 2.333711381562247592e-27 2.237419248855525243e-27
6.857876953709047818e+00 2.236165846005796539e-27 2.199174995194969218e-27
6.926896921709476018e+00 3.332160905446840051e-27 2.162049020385653157e-27
6.996611529758846260e+00 3.257981719220414345e-27 2.125603743643344122e-27
7.067027768947006017e+00 3.763485751490791746e-27 2.090133421543704184e-27
7.138152700724472943e+00 3.694238219179571638e-27 2.056129544922783171e-27
7.209993457610560874e+00 4.751228939776190163e-27 2.024395975527985881e-27
7.282557243908652111e+00 4.635976094905348544e-27 1.995437287208302320e-27
7.355851336428639975e+00 4.825953995900037687e-27 1.969755471006410006e-27
7.429883085216668626e+00 5.027975016206231087e-27 1.947454386973038390e-27
7.504659914292203027e+00 5.744696331507224604e-27 1.928398453989794030e-27
7.580189322392528517e+00 6.081766061628463533e-27 1.912151702351714034e-27
7.656478883724727069e+00 4.458185571720556258e-27 1.898124657988212001e-27
7.733536248725243034e+00 5.447260443952645602e-27 1.886105666333989952e-27
7.811369144827072120e+00 6.483448928041415487e-27 1.875558286082592341e-27
7.889985377234665975e+00 6.180637353868299141e-27 1.866188663374861860e-27
7.969392829706678505e+00 8.490653364629961225e-27 1.858223056159194086e-27
8.049599465346544136e+00 9.769004702810796360e-27 1.851593675468846346e-27
8.130613327401031043e+00 1.135670242353500311e-26 1.846651136821735376e-27
8.212442540066838603e+00 1.166649043767910424e-26 1.843608638567067968e-27
8.295095309305308362e+00 1.278520535182411164e-26 1.842876439547724172e-27
8.378579923665309792e+00 1.302239202148702732e-26 1.844552267872314438e-27
8.462904755114436739e+00 1.328622972742068254e-26 1.848780171698244900e-27
8.548078259878579388e+00 1.356614902971886094e-26 1.855528615060998715e-27
8.634108979289907282e+00 1.436226510679032609e-26 1.864691905756857629e-27
8.721005540643410825e+00 1.478470921497192325e-26 1.876005740103751485e-27
8.808776658062068776e+00 1.520151400702435437e-26 1.889247566864345352e-27
8.897431133370709233e+00 1.579771521331880430e-26 1.904191711266139359e-27
8.986977856978677792e+00 1.635060840436401801e-26 1.920634408387664451e-27
9.077425808771357296e+00 1.671187101303908161e-26 1.938450727706847152e-27
9.168784059010707921e+00 1.725358293193890003e-26 1.957634218907433749e-27
9.261061769244845365e+00 1.762839694912218191e-26 1.978222325032140814e-27
9.354268193226760175e+00 1.682516566350922251e-26 2.000286142607751698e-27
9.448412677842322083e+00 1.081271922952732716e-26 2.023773426674995858e-27
9.543504664047580022e+00 1.232056761576408545e-26 2.049603427414355277e-27
9.639553687815530125e+00 1.123792190950696690e-26 2.077380851039530255e-27
9.736569381092376574e+00 1.291196894046970253e-26 2.107551800438623004e-27
9.834561472763468259e+00 1.479008013900076243e-26 2.140065664317567063e-27
9.933539789628898831e+00 1.814485114508294119e-26 2.175023795577673953e-27
1.003351425738896729e+01 2.097165434818405546e-26 2.212288179564964361e-27
1.013449490163955069e+01 2.252766737846468310e-26 2.251739258947325830e-27
1.023649184887746877e+01 2.310633309638919901e-26 2.293274647138501035e-27
1.033951532751600055e+01 2.376417693142281701e-26 2.336810439202998435e-27
1.044357566891059541e+01 2.433198883141537482e-26 2.382197551922637363e-27
1.054868330839490831e+01 2.464170753539467205e-26 2.429307330791653006e-27
1.065484878632729249e+01 2.529570165521357908e-26 2.478086901563844223e-27
1.076208274914780105e+01 2.560985184583388127e-26 2.528467251082573118e-27
1.087039595044581120e+01 2.600506884015958419e-26 2.580489487055740520e-27
1.097979925203842733e+01 2.646818523893504451e-26 2.634226581728028334e-27
1.109030362505972001e+01 2.716856929237301805e-26 2.689807168693971554e-27
1.120192015106091610e+01 2.747357305551520424e-26 2.747357305551520280e-27
1.131466002312166985e+01 2.780095333271433376e-26 2.807223604053657785e-27
1.142853454697254456e+01 2.830895023809185517e-26 2.869294052125726197e-27
1.154355514212876521e+01 2.888603332786340023e-26 2.933886131566955905e-27
1.165973334303537889e+01 2.924115776759408993e-26 3.001134700462676820e-27
1.177708080022393311e+01 2.925228866127835244e-26 3.071148887544492419e-27
1.189560928148084074e+01 3.007860466342639158e-26 3.144053093457354011e-27
1.201533067302744051e+01 3.071024984309560393e-26 3.219833922630030742e-27
1.213625698071197334e+01 3.091764008977509939e-26 3.298471918860765348e-27
1.225840033121355965e+01 3.118314117439707486e-26 3.379941781568498627e-27
1.238177297325828619e+01 3.140588135338418392e-26 3.464165867965779958e-27
1.250638727884750523e+01 3.078022038492402377e-26 3.551021760480852685e-27
1.263225574449854705e+01 3.139918047141843839e-26 3.640500161505898498e-27
1.275939099249784547e+01 3.226402791562133735e-26 3.732474225494021395e-27
1.288780577216676448e+01 3.231761011805358022e-26 3.826837476458272723e-27
1.301751296114010437e+01 3.245931197826510882e-26 3.923591388520837877e-27
1.314852556665747763e+01 3.172003526904981443e-26 4.022703337990057982e-27
1.328085672686771979e+01 2.921207131713398661e-26 4.124188564429837405e-27
1.341451971214639904e+01 2.667514617733598905e-26 4.228204716951849042e-27
1.354952792642657577e+01 2.309781396051010104e-26 4.334847524277314492e-27
1.368589490854296464e+01 2.359659158410400445e-26 4.444470673813172950e-27
1.382363433358965210e+01 2.280916288272037367e-26 4.557075600283699104e-27
1.396276001429144920e+01 2.042248170753094305e-26 4.672869287665937818e-27
1.410328590238903956e+01 1.861454286028129618e-26 4.792153846458105623e-27
1.424522609003810736e+01 1.576589212097614554e-26 4.915096432905326991e-27
1.438859481122250550e+01 1.469703235048543397e-26 5.042004762417455948e-27
1.453340644318165609e+01 1.485351968069782682e-26 5.173049426365910997e-27
1.467967550785232866e+01 1.537227108388796027e-26 5.308364506006418654e-27
1.482741667332491708e+01 1.582926449025837015e-26 5.448067092840154943e-27
1.497664475531439621e+01 1.872464481342606649e-26 5.592332722030804078e-27
1.512737471864604011e+01 1.644677945375810908e-26 5.740976467839130415e-27
1.527962167875614341e+01 1.621725510816622627e-26 5.894252869526538277e-27
