6.266836452195098772e+00 1.816450702426588804e-27 2.976587621248226313e-27
6.329907990852620792e+00 1.683320018236566170e-27 2.903989601824157119e-27
6.393614302576105857e+00 1.169611514157756490e-27 2.832400724027293585e-27
6.457961775934053961e+00 1.313279400080687275e-27 2.763961938171508534e-27
6.522956863791657511e+00 1.357098141541179916e-27 2.700294093915615952e-27
6.588606083957897042e+00 1.441760354085072695e-27 2.642215242694879000e-27
6.654916019839175689e+00 1.517846016388053966e-27 2.589591876976029230e-27
6.721893321099498664e+00 2.254634740715100952e-27 2.541587317021005271e-27
6.789544704327308722e+00 2.378510923591021923e-27 2.496858618687068191e-27
6.857876953709047818e+00 2.298600689140961561e-27 2.454180942948679432e-27
6.926896921709476018e+00 3.419564499240143641e-27 2.412751698210201223e-27
6.996611529758846260e+00 3.310987078929199540e-27 2.372078324439049014e-27
7.067027768947006017e+00 3.895461325112887292e-27 2.332500197715566645e-27
7.138152700724472943e+00 3.793147366528022703e-27 2.294551376309126777e-27
7.209993457610560874e+00 4.955605312288290876e-27 2.259145110925945898e-27
7.282557243908652111e+00 4.854419398220792529e-27 2.226829573182651306e-27
7.355851336428639975e+00 5.219678002991694559e-27 2.198181531037493271e-27
7.429883085216668626e+00 5.573795756938814695e-27 2.173304827530321445e-27
7.504659914292203027e+00 6.411536121985490010e-27 2.152047595995960213e-27
7.580189322392528517e+00 6.605577522668009262e-27 2.133907606008230902e-27
7.656478883724727069e+00 5.303040761371790812e-27 2.118275940723160123e-27
7.733536248725243034e+00 6.371911556167722834e-27 2.104868954828340612e-27
7.811369144827072120e+00 7.518490061633364580e-27 2.093106286770810239e-27
7.889985377234665975e+00 7.083078950278696171e-27 2.082641343404672997e-27
7.969392829706678505e+00 9.637744009566984605e-27 2.073768887675286296e-27
8.049599465346544136e+00 1.102827569540001439e-26 2.066378506915150116e-27
8.130613327401031043e+00 1.283161767964829095e-26 2.060877561685119554e-27
8.212442540066838603e+00 1.306580336706621611e-26 2.057477013658664335e-27
8.295095309305308362e+00 1.449242388075315153e-26 2.056680738158680324e-27
8.378579923665309792e+00 1.472275305223399013e-26 2.058550179428249510e-27
8.462904755114436739e+00 1.504939702365026204e-26 2.063272295493533040e-27
8.548078259878579388e+00 1.526852308355079500e-26 2.070798784446089264e-27
8.634108979289907282e+00 1.639877755966157616e-26 2.081046718035387709e-27
8.721005540643410825e+00 1.679668033367866816e-26 2.093670246589706187e-27
8.808776658062068776e+00 1.720848533470874929e-26 2.108446566524343706e-27
8.897431133370709233e+00 1.800208619964956978e-26 2.125135966251281038e-27
8.986977856978677792e+00 1.859044744016966273e-26 2.143486734710351016e-27
9.077425808771357296e+00 1.894117737560229475e-26 2.163367251746439835e-27
9.168784059010707921e+00 1.962267642714911763e-26 2.184783178600221388e-27
9.261061769244845365e+00 2.002204449492350744e-26 2.207758908257123437e-27
9.354268193226760175e+00 1.924875545318412462e-26 2.232381707076067127e-27
9.448412677842322083e+00 1.411746397927862908e-26 2.258647036283177644e-27
9.543504664047580022e+00 1.561641209101358113e-26 2.287469565221108882e-27
9.639553687815530125e+00 1.481236635014995734e-26 2.318483220432618260e-27
9.736569381092376574e+00 1.635925660381600060e-26 2.352142505410728596e-27
9.834561472763468259e+00 1.811118570962637056e-26 2.388416567868910319e-27
9.933539789628898831e+00 2.115229642760567655e-26 2.427407128453942779e-27
1.003351425738896729e+01 2.378863929440335635e-26 2.468979116190531462e-27
1.013449490163955069e+01 2.534641015595852952e-26 2.513002955152176905e-27
1.023649184887746877e+01 2.588998135302742419e-26 2.559350614937850353e-27
1.033951532751600055e+01 2.664473404364137085e-26 2.607938286465535159e-27
1.044357566891059541e+01 2.724608654404386455e-26 2.658588172123859069e-27
1.054868330839490831e+01 2.756513493252115447e-26 2.711159035828274400e-27
1.065484878632729249e+01 2.831928747615503619e-26 2.765598333832937663e-27
1.076208274914780105e+01 2.864002759401040077e-26 2.821818714089003049e-27
1.087039595044581120e+01 2.904486817577667679e-26 2.879871500707078458e-27
1.097979925203842733e+01 2.951883253888628123e-26 2.939838031077473141e-27
1.109030362505972001e+01 3.034520033417589898e-26 3.001867889345926396e-27
1.120192015106091610e+01 3.066089482308743339e-26 3.066089482308743339e-27
1.131466002312166985e+01 3.093357469374146613e-26 3.132892426936038695e-27
1.142853454697254456e+01 3.147292712256366208e-26 3.202159582895382491e-27
1.154355514212876521e+01 3.209662769783505575e-26 3.274241514717072984e-27
1.165973334303537889e+01 3.239826673134189396e-26 3.349282985831110205e-27
1.177708080022393311e+01 3.231409924908913150e-26 3.427408827174981185e-27
1.189560928148084074e+01 3.325601521929593004e-26 3.508770114025853163e-27
1.201533067302744051e+01 3.396931745799189387e-26 3.593339855959197741e-27
1.213625698071197334e+01 3.410491976945687447e-26 3.681090801574533825e-27
1.225840033121355965e+01 3.436686357457704409e-26 3.772005259594113350e-27
1.238177297325828619e+01 3.455919078385000315e-26 3.865992111012675188e-27
1.250638727884750523e+01 3.359014959794118505e-26 3.962901887680006869e-27
1.263225574449854705e+01 3.449241075097175274e-26 4.062766577529328804e-27
1.275939099249784547e+01 3.540719838439521590e-26 4.165405750267821849e-27
1.288780577216676448e+01 3.538339878879441766e-26 4.270705588304171107e-27
1.301751296114010437e+01 3.560481831231240470e-26 4.378680119919466514e-27
1.314852556665747763e+01 3.490238893223555644e-26 4.489284231542051355e-27
1.328085672686771979e+01 3.213268881522695615e-26 4.602524352298111131e-27
1.341451971214639904e+01 2.967985436651235902e-26 4.718603394897769723e-27
1.354952792642657577e+01 2.622855119720768623e-26 4.837615295658634043e-27
1.368589490854296464e+01 2.670572237952462192e-26 4.959947096025481314e-27
1.382363433358965210e+01 2.657329218202360577e-26 5.085633206474615913e-27
1.396276001429144920e+01 2.381837252832575610e-26 5.214837284353067144e-27
1.410328590238903956e+01 2.202979123713748334e-26 5.347952342852625993e-27
1.424522609003810736e+01 1.964755362307772767e-26 5.485166599820794548e-27
1.438859481122250550e+01 1.933266395065131765e-26 5.626816822527285699e-27
1.453340644318165609e+01 2.010928349302544472e-26 5.773077382864867956e-27
1.467967550785232866e+01 2.118614134838529906e-26 5.924100748507626397e-27
1.482741667332491708e+01 2.186259103766522176e-26 6.080007691535778751e-27
1.497664475531439621e+01 2.565500352696141923e-26 6.241030854014381291e-27
1.512737471864604011e+01 2.250097530686236675e-26 6.406876516469690891e-27
1.527962167875614341e+01 2.198021218394785620e-26 6.577913202690527195e-27
