6.266836452195098772e+00 1.883072205905832722e-27 1.717046426544455218e-27
6.329907990852620792e+00 1.744989125843397136e-27 1.675168131482407560e-27
6.393614302576105857e+00 1.196708839235806357e-27 1.633870971699884728e-27
6.457961775934053961e+00 1.351136047973699105e-27 1.594392436501778037e-27
6.522956863791657511e+00 1.390516010233799185e-27 1.557665511047948911e-27
6.588606083957897042e+00 1.475307088658788411e-27 1.524162749534084873e-27
6.654916019839175689e+00 1.552288347559351002e-27 1.493807011531582965e-27
6.721893321099498664e+00 2.322585789812274875e-27 1.466116780294602983e-27
6.789544704327308722e+00 2.447644080632788162e-27 1.440315106004874029e-27
6.857876953709047818e+00 2.356330318748803481e-27 1.415696110222986230e-27
6.926896921709476018e+00 3.516423101926308307e-27 1.391799101117785848e-27
6.996611529758846260e+00 3.398816589295963009e-27 1.368336371178656299e-27
7.067027768947006017e+00 4.010693291032407110e-27 1.345506775989426960e-27
7.138152700724472943e+00 3.898516993777577202e-27 1.323615666581240443e-27
7.209993457610560874e+00 5.125896925577844202e-27 1.303194035740835385e-27
7.282557243908652111e+00 5.006860606671612261e-27 1.284552187675967315e-27
7.355851336428639975e+00 5.447198225198382474e-27 1.268029465233701928e-27
7.429883085216668626e+00 5.901290077552277808e-27 1.253683227714641981e-27
7.504659914292203027e+00 6.903045532962887687e-27 1.241427394787987295e-27
7.580189322392528517e+00 6.962499937263648763e-27 1.230958228407426741e-27
7.656478883724727069e+00 5.690083187671420978e-27 1.221942346333282074e-27
7.733536248725243034e+00 7.017678812758867576e-27 1.214218714625711112e-27
7.811369144827072120e+00 8.468844975842695912e-27 1.207445460852125445e-27
7.889985377234665975e+00 7.696983901761387688e-27 1.201395607581125267e-27
7.969392829706678505e+00 1.110675587876901809e-26 1.196311256281298980e-27
8.049599465346544136e+00 1.282033304826950001e-26 1.192060874375325120e-27
8.130613327401031043e+00 1.531754298059833782e-26 1.188914967055018060e-27
8.212442540066838603e+00 1.529864942032334926e-26 1.186943300459406846e-27
8.295095309305308362e+00 1.742019241559748109e-26 1.186511135898354285e-27
8.378579923665309792e+00 1.755157261992057282e-26 1.187585406118408030e-27
8.462904755114436739e+00 1.790883337308849434e-26 1.190310279788735418e-27
8.548078259878579388e+00 1.793957738252543488e-26 1.194644260111401776e-27
8.634108979289907282e+00 1.970482758196674547e-26 1.200580107678655717e-27
8.721005540643410825e+00 1.999800159594959942e-26 1.207857431105827879e-27
8.808776658062068776e+00 2.033130238123113380e-26 1.216377565106232999e-27
8.897431133370709233e+00 2.140103511033748279e-26 1.226014808685240607e-27
8.986977856978677792e+00 2.208550457160807529e-26 1.236603345443008260e-27
9.077425808771357296e+00 2.235162266767755317e-26 1.248067337847218543e-27
9.168784059010707921e+00 2.323729414817609621e-26 1.260427845622339092e-27
9.261061769244845365e+00 2.361571071533049052e-26 1.273679531810314358e-27
9.354268193226760175e+00 2.222099919949083307e-26 1.287859073600963358e-27
9.448412677842322083e+00 1.461181175074188364e-26 1.302918434443381659e-27
9.543504664047580022e+00 1.671353632370436354e-26 1.319566418804796189e-27
9.639553687815530125e+00 1.537985232328776597e-26 1.337437213863108005e-27
9.736569381092376574e+00 1.732294246284110339e-26 1.356867463178045084e-27
9.834561472763468259e+00 1.958270984201616279e-26 1.377809685210056284e-27
9.933539789628898831e+00 2.379107663290139351e-26 1.400341517218653725e-27
1.003351425738896729e+01 2.751878481928962453e-26 1.424358952242744789e-27
1.013449490163955069e+01 2.965491870456504078e-26 1.449772418748736255e-27
1.023649184887746877e+01 3.020035701040566670e-26 1.476506493453027232e-27
1.033951532751600055e+01 3.115892057086053917e-26 1.504539429627001676e-27
1.044357566891059541e+01 3.181473790534746577e-26 1.533756854254366479e-27
1.054868330839490831e+01 3.207453745882340896e-26 1.564078627527166085e-27
1.065484878632729249e+01 3.303295675540454559e-26 1.595486703500099326e-27
1.076208274914780105e+01 3.329434609765104162e-26 1.627913642432953076e-27
1.087039595044581120e+01 3.364704575293502346e-26 1.661397862614405709e-27
1.097979925203842733e+01 3.406423740949230926e-26 1.695985915259011993e-27
1.109030362505972001e+01 3.516289421177593397e-26 1.731774288815884640e-27
1.120192015106091610e+01 3.537630931792320457e-26 1.768815465896160300e-27
1.131466002312166985e+01 3.548205165916569970e-26 1.807343863251140381e-27
1.142853454697254456e+01 3.609487324161524412e-26 1.847300950484636418e-27
1.154355514212876521e+01 3.687137258106980307e-26 1.888884002676670125e-27
1.165973334303537889e+01 3.707196000302599575e-26 1.932166932468392732e-27
1.177708080022393311e+01 3.668324410693554788e-26 1.977223461878201559e-27
1.189560928148084074e+01 3.797884257832637236e-26 2.024164904277581409e-27
1.201533067302744051e+01 3.892714395336174741e-26 2.072953661378214668e-27
1.213625698071197334e+01 3.882121945556485500e-26 2.123564465882624787e-27
1.225840033121355965e+01 3.899286894329213516e-26 2.176004381440208845e-27
1.238177297325828619e+01 3.900252133153739572e-26 2.230214261232539316e-27
1.250638727884750523e+01 3.699095340429930902e-26 2.286088014388102727e-27
1.263225574449854705e+01 3.852078166302822244e-26 2.343709906609188338e-27
1.275939099249784547e+01 3.959175133130955082e-26 2.402919908105715988e-27
1.288780577216676448e+01 3.921447225634580884e-26 2.463651882328653352e-27
1.301751296114010437e+01 3.952454491265645579e-26 2.525937909248210536e-27
1.314852556665747763e+01 3.858851007153405330e-26 2.589732918385655992e-27
1.328085672686771979e+01 3.450410309579609109e-26 2.655022695913119392e-27
1.341451971214639904e+01 3.147683720745862538e-26 2.721968506805197413e-27
1.354952792642657577e+01 2.733147686084772520e-26 2.790603706747326117e-27
1.368589490854296464e+01 2.780545435798078869e-26 2.861170379864441909e-27
1.382363433358965210e+01 2.752283095980999966e-26 2.933668644242729647e-27
1.396276001429144920e+01 2.423309100055572991e-26 3.008187691730275694e-27
1.410328590238903956e+01 2.220088990293921056e-26 3.084969570060769758e-27
1.424522609003810736e+01 1.931071322138022882e-26 3.164110417300227915e-27
1.438859481122250550e+01 1.868196791340830939e-26 3.245814634091392287e-27
1.453340644318165609e+01 1.929875855513961629e-26 3.330181783101564698e-27
1.467967550785232866e+01 2.029392393083464557e-26 3.417298085021912305e-27
1.482741667332491708e+01 2.092389161890379852e-26 3.507232248654305503e-27
1.497664475531439621e+01 2.431620248488414895e-26 3.600110434305450876e-27
1.512737471864604011e+01 2.154923580548994876e-26 3.695786694562492712e-27
1.527962167875614341e+01 2.110641582119047605e-26 3.794450984227537224e-27
