3.798363644187992882e+00 1.939678138360182608e-28 9.265216214391346810e-27
3.836591646665353128e+00 2.129829887508894669e-28 9.331135739310634109e-27
3.875204388549021495e+00 2.023235668364358321e-28 9.288241989227068871e-27
3.914205741985100406e+00 2.231468008408382580e-28 9.161577532679915737e-27
3.953599618090267942e+00 2.551363282745838653e-28 9.038311100322385871e-27
3.993389967343984548e+00 2.729635300067457967e-28 8.983165839593684251e-27
4.033580779984657028e+00 2.718045103978571199e-28 8.990464163404602102e-27
4.074176086409786457e+00 2.737118050625639090e-28 8.992097358795496205e-27
4.115179957580148873e+00 2.722189846534949996e-28 8.911273066814274638e-27
4.156596505428027832e+00 2.466612450521319945e-28 8.730395141317097179e-27
4.198429883269572116e+00 5.562964995846179931e-29 8.504417560738068356e-27
4.240684286221285682e+00 5.657442127731256915e-29 8.306170278399424177e-27
4.283363951620734689e+00 6.748216466379535968e-29 8.171073625677945977e-27
4.326473159451468931e+00 4.845290615834951242e-29 8.082088271229077380e-27
4.370016232772217180e+00 3.286801786342898778e-29 7.987561365582824821e-27
4.413997538150425726e+00 3.276046343055870581e-29 7.839311144405097565e-27
4.458421486100134778e+00 7.702772908807827698e-29 7.629187809332601137e-27
4.503292531524275333e+00 1.977035398462009021e-28 7.391926853678719501e-27
4.548615174161405150e+00 3.134412942305900336e-28 7.173836090682704394e-27
