6.370197747002383615e+00 1.286686465859920561e-27 2.591830227092833084e-27
6.499017880738906960e+00 1.280284358993578215e-27 2.468861856929327029e-27
6.630443055561273447e+00 1.475204840511497161e-27 2.364601075026498850e-27
6.764525951426121786e+00 2.230835474760558316e-27 2.277868165460702128e-27
6.901320313600665557e+00 2.843248924584768592e-27 2.200376338469795264e-27
7.040880974205744991e+00 3.661197780236775195e-27 2.126616771748109721e-27
7.183263874194516063e+00 4.213218229794936421e-27 2.058157524958719722e-27
7.328526085775608045e+00 4.765481073089390376e-27 2.000107462540787185e-27
7.476725835289739663e+00 5.545676438370470267e-27 1.955359575951596098e-27
7.627922526548905680e+00 5.104550757380794107e-27 1.922442382616544327e-27
7.782176764647598333e+00 6.052893428415380376e-27 1.897826431142893567e-27
7.939550380255518292e+00 7.511038551792498227e-27 1.878712997410124636e-27
8.100106454401514000e+00 1.071940730417587377e-26 1.865163258189124717e-27
8.263909343758772508e+00 1.224917722661344041e-26 1.858989514635831818e-27
8.431024706441272443e+00 1.315423176751204797e-26 1.862318420144242336e-27
8.601519528321922792e+00 1.408732365570166235e-26 1.875767571026339042e-27
8.775462149882951479e+00 1.511055141098516576e-26 1.898248691000628387e-27
8.952922293609205440e+00 1.608222470586853899e-26 1.927895823556989903e-27
9.133971091935466191e+00 1.707497655370701314e-26 1.963321898777656083e-27
9.318681115758884914e+00 1.696128068845991323e-26 2.004309791397626947e-27
9.507126403528005198e+00 1.157592637795081352e-26 2.051640738555167270e-27
9.699382490920086752e+00 1.207661605332200415e-26 2.107428766690890987e-27
9.895526441118494887e+00 1.686676706860810110e-26 2.172645701357552631e-27
1.009563687570241797e+01 2.192062876896448396e-26 2.247262456489962113e-27
1.029979400616126028e+01 2.351420019174955667e-26 2.330426705370466771e-27
1.050807966604626742e+01 2.452896672945390148e-26 2.421223848317398214e-27
1.072057734377237992e+01 2.550782090073926434e-26 2.518793352463939755e-27
1.093737221608342836e+01 2.628810170373832890e-26 2.622912531422704878e-27
1.115855118219401909e+01 2.734219817719595672e-26 2.734219817719595815e-27
1.138420289862189350e+01 2.813914160524700365e-26 2.854067410541757349e-27
1.161441781472466417e+01 2.902342033904291692e-26 2.983581523392607241e-27
1.184928820895516210e+01 2.980234343546886217e-26 3.124029868124484432e-27
1.208890822585000890e+01 3.085985756125396673e-26 3.275973812714454049e-27
1.233337391376612224e+01 3.122985323323747906e-26 3.439270273623520713e-27
1.258278326338034958e+01 3.122484049125340269e-26 3.613357887055880108e-27
1.283723624696773058e+01 3.229710532705593332e-26 3.797580570296964471e-27
1.309683485847392781e+01 3.197929856821865456e-26 3.991369598130203923e-27
1.336168315439812915e+01 2.729637838572547193e-26 4.194696673550173122e-27
1.363188729550263645e+01 2.364802681839824830e-26 4.408529698412568541e-27
1.390755558936591285e+01 2.135844696468973852e-26 4.634229545401429440e-27
1.418879853379622524e+01 1.691502205162652582e-26 4.873377857762026564e-27
1.447572886112309121e+01 1.482336979234201934e-26 5.127882655061980983e-27
1.476846158338450188e+01 1.560054986342330834e-26 5.399242777747653849e-27
1.506711403842792230e+01 1.757143575815326086e-26 5.688407571837747487e-27
