6.370197747002383615e+00 1.209299874756007223e-27 2.535920216645309525e-27
6.499017880738906960e+00 1.214873840188792772e-27 2.415604819173957372e-27
6.630443055561273447e+00 1.400728268827846780e-27 2.313592388629016896e-27
6.764525951426121786e+00 2.085911424764734677e-27 2.228726371655418894e-27
6.901320313600665557e+00 2.667348069394207128e-27 2.152904141178224104e-27
7.040880974205744991e+00 3.449782951346292017e-27 2.080733368353608088e-27
7.183263874194516063e+00 3.989704228807266722e-27 2.013749909754737591e-27
7.328526085775608045e+00 4.564651615028692828e-27 1.956953148615238457e-27
7.476725835289739663e+00 5.360772356865472408e-27 1.913171276726039881e-27
7.627922526548905680e+00 4.982915795056244361e-27 1.880967783993068112e-27
7.782176764647598333e+00 5.934882377712105640e-27 1.856882959243982432e-27
7.939550380255518292e+00 7.327796951256550443e-27 1.838177806366865262e-27
8.100106454401514000e+00 1.034748358545366641e-26 1.824908846706919499e-27
8.263909343758772508e+00 1.178264924123164100e-26 1.818862567636763034e-27
8.431024706441272443e+00 1.266245232881258418e-26 1.822118249441149365e-27
8.601519528321922792e+00 1.357357188332171592e-26 1.835276144491567587e-27
8.775462149882951479e+00 1.456507813319727185e-26 1.857270684502628305e-27
8.952922293609205440e+00 1.551210377960757322e-26 1.886277197104450306e-27
9.133971091935466191e+00 1.647425382760785910e-26 1.920937777908859724e-27
9.318681115758884914e+00 1.643887318140488991e-26 1.961046599346703288e-27
9.507126403528005198e+00 1.172887643108434222e-26 2.007395242099608946e-27
9.699382490920086752e+00 1.226082498412809759e-26 2.061981480604574769e-27
9.895526441118494887e+00 1.663064973255723292e-26 2.125768682511516580e-27
1.009563687570241797e+01 2.136668994411610782e-26 2.198759345601760703e-27
1.029979400616126028e+01 2.294956361552486765e-26 2.280129819072437902e-27
1.050807966604626742e+01 2.396950432600641502e-26 2.368969391486866941e-27
1.072057734377237992e+01 2.494802666870012384e-26 2.464434977822545218e-27
1.093737221608342836e+01 2.572161786611609078e-26 2.566308669551340489e-27
1.115855118219401909e+01 2.675214648298979753e-26 2.675214648298979825e-27
1.138420289862189350e+01 2.755476886203978886e-26 2.792478109230009171e-27
1.161441781472466417e+01 2.845907836626539095e-26 2.919200188557492563e-27
1.184928820895516210e+01 2.927153964187462771e-26 3.056621162419710728e-27
1.208890822585000890e+01 3.034028188463049119e-26 3.205288732581416028e-27
1.233337391376612224e+01 3.073189685274022153e-26 3.365064326629681400e-27
1.258278326338034958e+01 3.074089369107817356e-26 3.535397939684791516e-27
1.283723624696773058e+01 3.180101132031899804e-26 3.715646945348814157e-27
1.309683485847392781e+01 3.157845013369252700e-26 3.905260048382247367e-27
1.336168315439812915e+01 2.720793465783828415e-26 4.104213308422163222e-27
1.363188729550263645e+01 2.380771151598421044e-26 4.313442970189293642e-27
1.390755558936591285e+01 2.182006445831369661e-26 4.534284910279620132e-27
1.418879853379622524e+01 1.773948083802973322e-26 4.768286782239684181e-27
1.447572886112309121e+01 1.624504398328198556e-26 5.017321124689451882e-27
1.476846158338450188e+01 1.722957995730579308e-26 5.282833579948501156e-27
1.506711403842792230e+01 1.919965694905015011e-26 5.565759772919799586e-27
