6.370197747002383615e+00 1.390742042382286856e-27 1.670770678011409223e-27
6.499017880738906960e+00 1.386269213157463092e-27 1.591501930966527348e-27
6.630443055561273447e+00 1.586314795852426772e-27 1.524292745137026564e-27
6.764525951426121786e+00 2.345379189182937524e-27 1.468382474402796693e-27
6.901320313600665557e+00 2.993651727580405814e-27 1.418430461234739407e-27
7.040880974205744991e+00 3.874215964471324451e-27 1.370885408558366170e-27
7.183263874194516063e+00 4.497128609113345356e-27 1.326757462288209396e-27
7.328526085775608045e+00 5.313909800470456390e-27 1.289347104101456161e-27
7.476725835289739663e+00 6.604107015280569997e-27 1.260521545854619297e-27
7.627922526548905680e+00 6.164231487290049262e-27 1.239302700524443762e-27
7.782176764647598333e+00 7.804914763154204602e-27 1.223462502922950193e-27
7.939550380255518292e+00 9.696544063318921802e-27 1.211159127902864035e-27
8.100106454401514000e+00 1.427171667388815483e-26 1.202479447531617171e-27
8.263909343758772508e+00 1.634141147699904108e-26 1.198521017797185497e-27
8.431024706441272443e+00 1.769595160957369863e-26 1.200684207957739528e-27
8.601519528321922792e+00 1.903038862585872532e-26 1.209368807779851524e-27
8.775462149882951479e+00 2.039249284025853921e-26 1.223872617353837041e-27
8.952922293609205440e+00 2.167720054382328250e-26 1.242994088506564828e-27
9.133971091935466191e+00 2.296913059964438951e-26 1.265839423246475690e-27
9.318681115758884914e+00 2.254849532089087019e-26 1.292246247484796729e-27
9.507126403528005198e+00 1.569972780339384680e-26 1.322699023345117603e-27
9.699382490920086752e+00 1.633881091143748284e-26 1.358663676185095957e-27
9.895526441118494887e+00 2.218447132063862784e-26 1.400738914641185952e-27
1.009563687570241797e+01 2.881718255519809720e-26 1.448890196571103002e-27
1.029979400616126028e+01 3.078587450207222759e-26 1.502507789172854465e-27
1.050807966604626742e+01 3.198699805148468217e-26 1.561038729234471240e-27
1.072057734377237992e+01 3.322443885712287487e-26 1.623937223038441952e-27
1.093737221608342836e+01 3.390288302591559101e-26 1.691045818678375985e-27
1.115855118219401909e+01 3.525601222823156746e-26 1.762800611411578229e-27
1.138420289862189350e+01 3.592786557876376572e-26 1.840047505220280945e-27
1.161441781472466417e+01 3.677884906204150226e-26 1.923528775079601047e-27
1.184928820895516210e+01 3.761657163719474163e-26 2.014061450969169913e-27
1.208890822585000890e+01 3.893457797939396285e-26 2.112010258002522848e-27
1.233337391376612224e+01 3.876662366627393795e-26 2.217255396250186643e-27
1.258278326338034958e+01 3.804097936485932133e-26 2.329452908289235294e-27
1.283723624696773058e+01 3.939003882089024198e-26 2.448210540564549740e-27
1.309683485847392781e+01 3.885432931763981431e-26 2.573122237628101068e-27
1.336168315439812915e+01 3.218955264461336869e-26 2.704139763186742674e-27
1.363188729550263645e+01 2.794280476358813044e-26 2.841965248892618977e-27
1.390755558936591285e+01 2.558083239964824472e-26 2.987453444159690904e-27
1.418879853379622524e+01 2.047041022967914073e-26 3.141597674925020484e-27
1.447572886112309121e+01 1.911425682840798910e-26 3.305672859484333968e-27
1.476846158338450188e+01 2.059909269772677077e-26 3.480612177347917279e-27
1.506711403842792230e+01 2.288996822369078382e-26 3.667020160874722813e-27
