6.370197747002383615e+00 1.418218956551830659e-27 3.186658226390354788e-27
6.499017880738906960e+00 1.395554270997831012e-27 3.035468007409760928e-27
6.630443055561273447e+00 1.599619206077810684e-27 2.907280389963982842e-27
6.764525951426121786e+00 2.430679681851265153e-27 2.800647843184331218e-27
6.901320313600665557e+00 3.122975701626441265e-27 2.705377725426980055e-27
7.040880974205744991e+00 4.059980495757044450e-27 2.614699382902287353e-27
7.183263874194516063e+00 4.702713591031779266e-27 2.530535913673324913e-27
7.328526085775608045e+00 5.485374100950154157e-27 2.459180926279459735e-27
7.476725835289739663e+00 6.653955255429735140e-27 2.404193107712461632e-27
7.627922526548905680e+00 6.147096867431687524e-27 2.363717453135470277e-27
7.782176764647598333e+00 7.573600194763012353e-27 2.333489196703307611e-27
7.939550380255518292e+00 9.369351213469690325e-27 2.310015597726797913e-27
8.100106454401514000e+00 1.357594459402911445e-26 2.293432668917213623e-27
8.263909343758772508e+00 1.551265708552403439e-26 2.285872717486469666e-27
8.431024706441272443e+00 1.674166233931267639e-26 2.289989266544296880e-27
8.601519528321922792e+00 1.797949097598224009e-26 2.306546483615880694e-27
8.775462149882951479e+00 1.927684671099078108e-26 2.334205306786015171e-27
8.952922293609205440e+00 2.050954597407935786e-26 2.370672621360926876e-27
9.133971091935466191e+00 2.172755283211496535e-26 2.414241169871555239e-27
9.318681115758884914e+00 2.159609732411858477e-26 2.464629114255327620e-27
9.507126403528005198e+00 1.578437251106736755e-26 2.522786329722985753e-27
9.699382490920086752e+00 1.652693833321492327e-26 2.591388696768803160e-27
9.895526441118494887e+00 2.193683310910297235e-26 2.671608736678873316e-27
1.009563687570241797e+01 2.756555830059413662e-26 2.763380950278996776e-27
1.029979400616126028e+01 2.928418777913734523e-26 2.865631153576305248e-27
1.050807966604626742e+01 3.042075321356433806e-26 2.977265189302290247e-27
1.072057734377237992e+01 3.157323144454623802e-26 3.097228439945784224e-27
1.093737221608342836e+01 3.233009969507169206e-26 3.225231827733885458e-27
1.115855118219401909e+01 3.362088351507434667e-26 3.362088351507434954e-27
1.138420289862189350e+01 3.438052990658025988e-26 3.509428750804526182e-27
1.161441781472466417e+01 3.524401724433106421e-26 3.668655410764577919e-27
1.184928820895516210e+01 3.605092300375067179e-26 3.841328722442012365e-27
1.208890822585000890e+01 3.729219742858731034e-26 4.028144370201972180e-27
1.233337391376612224e+01 3.738009583763914220e-26 4.228893622727539635e-27
1.258278326338034958e+01 3.696956736095848361e-26 4.442905359612670805e-27
1.283723624696773058e+01 3.822936858193685427e-26 4.669408489469689685e-27
1.309683485847392781e+01 3.777706863633444135e-26 4.907657703145025246e-27
1.336168315439812915e+01 3.171307395749566651e-26 5.157576393776256383e-27
1.363188729550263645e+01 2.747085800122890902e-26 5.420451359654384186e-27
1.390755558936591285e+01 2.484851795155178497e-26 5.697929660532221766e-27
1.418879853379622524e+01 1.935116843643177337e-26 5.991912710432101340e-27
1.447572886112309121e+01 1.688590794489384303e-26 6.304807525072086393e-27
1.476846158338450188e+01 1.826867482166261099e-26 6.638466917878190800e-27
1.506711403842792230e+01 2.064560959610510688e-26 6.994008070524668997e-27
