6.370197747002383615e+00 1.209299874756007223e-27 1.267960108322654762e-27
6.499017880738906960e+00 1.214873840188792772e-27 1.207802409586978686e-27
6.630443055561273447e+00 1.400728268827846780e-27 1.156796194314508448e-27
6.764525951426121786e+00 2.085911424764734677e-27 1.114363185827709447e-27
6.901320313600665557e+00 2.667348069394207128e-27 1.076452070589112052e-27
7.040880974205744991e+00 3.449782951346292017e-27 1.040366684176804044e-27
7.183263874194516063e+00 3.989704228807266722e-27 1.006874954877368796e-27
7.328526085775608045e+00 4.564651615028692828e-27 9.784765743076192286e-28
7.476725835289739663e+00 5.360772356865472408e-27 9.565856383630199407e-28
7.627922526548905680e+00 4.982915795056244361e-27 9.404838919965340560e-28
7.782176764647598333e+00 5.934882377712105640e-27 9.284414796219912160e-28
7.939550380255518292e+00 7.327796951256550443e-27 9.190889031834326310e-28
8.100106454401514000e+00 1.034748358545366641e-26 9.124544233534597496e-28
8.263909343758772508e+00 1.178264924123164100e-26 9.094312838183815168e-28
8.431024706441272443e+00 1.266245232881258418e-26 9.110591247205746826e-28
8.601519528321922792e+00 1.357357188332171592e-26 9.176380722457837933e-28
8.775462149882951479e+00 1.456507813319727185e-26 9.286353422513141526e-28
8.952922293609205440e+00 1.551210377960757322e-26 9.431385985522251530e-28
9.133971091935466191e+00 1.647425382760785910e-26 9.604688889544298618e-28
9.318681115758884914e+00 1.643887318140488991e-26 9.805232996733516441e-28
9.507126403528005198e+00 1.172887643108434222e-26 1.003697621049804473e-27
9.699382490920086752e+00 1.226082498412809759e-26 1.030990740302287384e-27
9.895526441118494887e+00 1.663064973255723292e-26 1.062884341255758290e-27
1.009563687570241797e+01 2.136668994411610782e-26 1.099379672800880351e-27
1.029979400616126028e+01 2.294956361552486765e-26 1.140064909536218951e-27
1.050807966604626742e+01 2.396950432600641502e-26 1.184484695743433471e-27
1.072057734377237992e+01 2.494802666870012384e-26 1.232217488911272609e-27
1.093737221608342836e+01 2.572161786611609078e-26 1.283154334775670245e-27
1.115855118219401909e+01 2.675214648298979753e-26 1.337607324149489912e-27
1.138420289862189350e+01 2.755476886203978886e-26 1.396239054615004585e-27
1.161441781472466417e+01 2.845907836626539095e-26 1.459600094278746282e-27
1.184928820895516210e+01 2.927153964187462771e-26 1.528310581209855364e-27
1.208890822585000890e+01 3.034028188463049119e-26 1.602644366290708014e-27
1.233337391376612224e+01 3.073189685274022153e-26 1.682532163314840700e-27
1.258278326338034958e+01 3.074089369107817356e-26 1.767698969842395758e-27
1.283723624696773058e+01 3.180101132031899804e-26 1.857823472674407078e-27
1.309683485847392781e+01 3.157845013369252700e-26 1.952630024191123684e-27
1.336168315439812915e+01 2.720793465783828415e-26 2.052106654211081611e-27
1.363188729550263645e+01 2.380771151598421044e-26 2.156721485094646821e-27
1.390755558936591285e+01 2.182006445831369661e-26 2.267142455139810066e-27
1.418879853379622524e+01 1.773948083802973322e-26 2.384143391119842091e-27
1.447572886112309121e+01 1.624504398328198556e-26 2.508660562344725941e-27
1.476846158338450188e+01 1.722957995730579308e-26 2.641416789974250578e-27
1.506711403842792230e+01 1.919965694905015011e-26 2.782879886459899793e-27
